2.303 1 COMMANDS 0,5467,6938,0
2.309 1 NAVIGATION 4 1 -29 113 0. 13786.4
2.351 1 ATTITUDE 0.36137 0.877901 -0.277167
2.355 1 GPS 3 37012542 184735555 545 33440 21 32 431885498 55 0
2.382 1 SVINFO 2 8 13 4 32 44 106
2.402 1 FBW_STATUS 2 1 121
2.418 1 ESTIMATOR 334.368256 -0.224494
2.511 1 WP_MOVED 13 369892.6875 1847341.25 50. 55
2.543 1 DOWNLINK_STATUS 9 4128 210 0 486. 25. 62.88
2.559 1 NAVIGATION 4 1 -29 113 0. 13758.
2.591 1 GPS 3 37012546 184735558 529 33440 7 29 431885750 55 0
2.595 1 SVINFO 7 25 13 4 29 12 46
2.607 1 SVINFO 3 10 13 7 36 32 320
2.802 1 NAVIGATION 4 1 -29 113 0. 13782.7
2.847 1 ATTITUDE 0.400728 0.923279 -0.303926
2.848 1 GPS 3 37012549 184735565 571 33436 26 14 431885998 55 0
2.854 1 SVINFO 2 8 13 4 30 44 106
2.911 1 ESTIMATOR 334.306213 -0.190606
2.942 1 CALIBRATION 0. 1
3.023 1 WP_MOVED 14 370231.59375 1847282.625 470. 55
3.039 1 BAT 0 121 0 1 1316 1316 0
3.040 1 DOWNLINK 0 458 32114
3.055 1 NAVIGATION 4 1 -29 113 0. 13780.9
3.087 1 GPS 3 37012555 184735570 659 33436 16 16 431886250 55 0
3.167 1 CIRCLE -50 272 75
3.235 1 IR_SENSORS 35 5 -22 30 82
3.284 1 DESIRED -0.39 0.15 5.4 -115. 188. 470. 2.
3.312 1 COMMANDS 0,5856,6433,0
3.313 1 NAVIGATION 4 1 -29 113 0. 13805.6
3.343 1 ATTITUDE 0.382426 1.150172 -0.252979
3.349 1 DL_VALUE 8 0.
3.350 1 GPS 3 37012561 184735570 669 33434 5 8 431886498 55 0
3.391 1 FBW_STATUS 2 1 121
3.423 1 ESTIMATOR 334.271423 -0.149601
3.424 1 GPS_SOL 543 288 224 6
3.526 1 WP_MOVED 15 370023.6875 1847537.25 470. 55
3.545 1 DOWNLINK_STATUS 10 4632 237 0 504. 27. 62.88
3.553 1 NAVIGATION 4 1 -29 113 0. 13802.
3.583 1 GPS 3 37012576 184735563 710 33437 15 15 431886750 55 0
3.810 1 NAVIGATION 4 1 -29 113 0. 13766.2
3.839 1 ATTITUDE 0.36137 1.239184 -0.212018
3.844 1 GPS 3 37012582 184735561 736 33433 2 23 431886998 55 0
3.919 1 ESTIMATOR 334.266571 -0.10289
4.031 1 WP_MOVED 16 370496. 1847326.875 470. 55
4.032 1 NAVIGATION_REF 370155 1847242 55
4.047 1 PONG 
4.048 1 NAVIGATION 4 1 -29 113 0. 13762.6
4.079 1 GPS 3 37012586 184735557 731 33428 6 27 431887250 55 0
4.111 1 BAT 0 121 0 1 1317 1317 0
4.209 1 CIRCLE -50 272 75
4.303 1 COMMANDS 0,6305,5365,0
4.309 1 NAVIGATION 4 1 -29 113 0. 13758.9
4.363 1 ATTITUDE 0.402458 1.275836 -0.200971
4.368 1 DESIRED -0.45 0.15 5.4 -115. 188. 470. 2.
4.374 1 GPS 3 37012577 184735559 679 33430 16 25 431887498 55 0
4.395 1 FBW_STATUS 2 1 121
4.427 1 ESTIMATOR 334.248291 -0.079758
4.431 1 IR_SENSORS 33 11 -16 33 87
4.522 1 WP_MOVED 0 370197. 1847284. 470. 55
4.549 1 DOWNLINK_STATUS 11 5065 259 0 433. 22. 74.33
4.555 1 NAVIGATION 4 1 -29 113 0. 13764.4
4.586 1 GPS 3 37012570 184735557 731 33432 7 28 431887750 55 0
4.802 1 NAVIGATION 4 1 -29 113 0. 13769.9
4.842 1 ATTITUDE 0.44234 1.275836 -0.212018
4.846 1 DL_VALUE 9 -0.05
4.850 1 GPS 3 37012569 184735559 672 33424 17 0 431887998 55 0
4.906 1 ESTIMATOR 334.239227 -0.060435
5.018 1 WP_MOVED 1 370155. 1847242. 470. 55
5.024 1 CALIBRATION 0. 1
5.050 1 NAVIGATION 4 1 -29 113 0. 13769.9
5.082 1 GPS 3 37012566 184735574 620 33418 28 9 431888250 55 0
5.210 1 BAT 0 121 0 1 1318 1318 0
5.257 1 CIRCLE -50 272 75
5.307 1 COMMANDS 0,6603,6062,0
5.307 1 NAVIGATION 4 1 -29 113 0. 13800.1
5.343 1 ATTITUDE 0.452114 1.082104 -0.212018
5.344 1 GPS 3 37012561 184735596 623 33411 8 26 431888498 55 0
5.374 1 DESIRED -0.41 0.15 5.4 -115. 188. 470. 2.
5.386 1 FBW_STATUS 2 1 121
5.425 1 ESTIMATOR 334.170654 -0.087212
5.431 1 GPS_SOL 541 289 225 6
5.498 1 ACTUATORS 1100,0,1751,1500,1237,0,1237
5.514 1 WP_MOVED 2 370104.59375 1847514.25 470. 55
5.546 1 NAVIGATION 4 1 -29 114 0. 13858.9
5.555 1 DOWNLINK_STATUS 12 5541 283 0 476. 24. 74.33
5.594 1 GPS 3 37012557 184735609 734 33404 14 33 431888750 55 0
5.596 1 SVINFO 3 10 13 7 35 32 320
5.610 1 IR_SENSORS 35 12 -17 35 87
5.806 1 NAVIGATION 4 1 -29 114 0. 13891.1
5.839 1 ATTITUDE 0.420323 1.281072 -0.205396
5.839 1 GPS 3 37012550 184735617 815 33398 30 29 431888998 55 0
5.914 1 ESTIMATOR 334.059753 -0.133
6.010 1 WP_MOVED 3 370252.6875 1847348.25 470. 55
6.058 1 NAVIGATION 4 1 -29 114 0. 13894.8
6.090 1 GPS 3 37012551 184735623 841 33388 2 37 431889250 55 0
6.325 1 COMMANDS 0,6991,6557,0
6.325 1 NAVIGATION 4 1 -29 114 0. 13923.3
6.354 1 ATTITUDE 0.450624 1.467822 -0.227914
6.355 1 CIRCLE -50 272 75
6.355 1 BAT 0 121 0 1 1320 1320 0
6.367 1 DL_VALUE 10 0.008
6.367 1 GPS 3 37012556 184735631 759 33385 26 39 431889498 55 0
6.394 1 FBW_STATUS 2 1 121
6.426 1 ESTIMATOR 333.917969 -0.183221
6.442 1 DESIRED -0.49 0.15 5.4 -115. 188. 470. 2.
6.522 1 WP_MOVED 4 369815.1875 1847457.375 470. 55
6.554 1 NAVIGATION 4 1 -29 114 0. 13919.6
6.558 1 DOWNLINK_STATUS 13 5978 305 0 437. 22. 74.33
6.586 1 GPS 3 37012562 184735639 854 33377 12 37 431889750 55 0
6.590 1 SVINFO 7 25 13 4 30 12 46
6.714 1 ALIVE 57,202,48,189,62,233,192,56,165,208,104,218,123,55,64,53
6.807 1 NAVIGATION 4 1 -29 114 0. 13944.5
6.849 1 ATTITUDE 0.476627 1.490511 -0.242255
6.849 1 IR_SENSORS 41 13 -21 40 88
6.849 1 PPRZ_MODE 2 3 3 2 0 6
6.858 1 GPS 3 37012569 184735634 781 33375 13 51 431889998 55 0
6.906 1 ESTIMATOR 333.780487 -0.21335
7.018 1 WP_MOVED 5 370218.8125 1847562.625 470. 55
7.050 1 NAVIGATION 4 1 -29 114 0. 13940.9
7.083 1 GPS 3 37012577 184735627 868 33373 11 29 431890250 55 0
7.114 1 CALIBRATION 0. 1
7.311 1 COMMANDS 0,7472,5974,0
7.311 1 NAVIGATION 4 1 -29 114 0. 13906.8
7.343 1 ATTITUDE 0.535383 1.514946 -0.213834
7.343 1 GPS 3 37012574 184735622 930 33386 23 55 431890498 55 0
7.373 1 CIRCLE -50 272 75
7.402 1 FBW_STATUS 2 1 121
7.434 1 ESTIMATOR 333.726715 -0.174145
7.437 1 BAT 0 121 0 1 1321 1321 0
7.440 1 GPS_SOL 538 281 224 6
7.482 1 DESIRED -0.5 0.15 5.4 -115. 188. 470. 2.
7.514 1 WP_MOVED 6 370351.6875 1847259.75 470. 55
7.546 1 NAVIGATION 4 1 -29 114 0. 13908.6
7.562 1 DOWNLINK_STATUS 14 6467 330 0 489. 25. 74.33
7.581 1 GPS 3 37012568 184735623 960 33392 11 52 431890750 55 0
7.812 1 NAVIGATION 4 1 -29 114 0. 13912.3
7.842 1 ATTITUDE 0.577391 1.675516 -0.192684
7.848 1 DL_VALUE 0 470.
7.853 1 GPS 3 37012564 184735624 912 33395 15 71 431890998 55 0
7.925 1 ESTIMATOR 333.783417 -0.07652
8.026 1 WP_MOVED 7 370352.5 1847557.25 470. 55
8.027 1 IR_SENSORS 47 26 -15 54 93
8.058 1 NAVIGATION 4 1 -29 114 0. 13916.
8.090 1 GPS 3 37012568 184735614 960 33403 37 85 431891250 55 0
8.106 1 DOWNLINK 0 456 32232
8.320 1 COMMANDS 0,8262,5238,0
8.320 1 NAVIGATION 4 1 -29 114 0. 13883.7
8.349 1 ATTITUDE 0.58407 1.675516 -0.146885
8.349 1 GPS 3 37012562 184735607 997 33415 15 83 431891498 55 0
8.394 1 FBW_STATUS 2 1 121
8.426 1 ESTIMATOR 333.922333 0.04481
8.430 1 CIRCLE -50 272 75
8.538 1 WP_MOVED 8 369720.90625 1847611.25 470. 55
8.540 1 DESIRED -0.54 0.15 5.4 -115. 188. 470. 2.
8.554 1 BAT 0 121 0 1 1322 1322 0
8.555 1 NAVIGATION 4 1 -29 114 0. 13887.4
8.565 1 DOWNLINK_STATUS 15 6901 352 0 434. 22. 74.33
8.586 1 GPS 3 37012561 184735604 944 33420 12 54 431891750 55 0
8.818 1 NAVIGATION 4 1 -29 114 0. 13858.9
8.853 1 ATTITUDE 0.557973 1.647591 -0.100519
8.854 1 GPS 3 37012555 184735608 869 33422 40 64 431891998 55 0
8.922 1 ESTIMATOR 334.085754 0.139242
9.018 1 WP_MOVED 9 369613.6875 1847322.375 470. 55
9.033 1 PONG 
9.050 1 NAVIGATION 4 1 -29 114 0. 13891.1
9.082 1 GPS 3 37012549 184735611 807 33430 14 63 431892250 55 0
9.226 1 IR_SENSORS 43 31 -9 55 96
9.231 1 CALIBRATION 0. 1
9.333 1 COMMANDS 0,8038,4531,0
9.333 1 NAVIGATION 4 1 -29 114 0. 13894.8
9.349 1 ATTITUDE 0.570267 1.408481 -0.101477
9.349 1 DL_VALUE 1 0.
9.358 1 GPS 3 37012541 184735617 724 33433 53 71 431892498 55 0
9.402 1 FBW_STATUS 2 1 121
9.418 1 ESTIMATOR 334.247314 0.200588
9.424 1 GPS_SOL 538 297 224 6
9.466 1 CIRCLE -50 272 75
9.514 1 WP_MOVED 10 370104.09375 1847401.25 470. 55
9.546 1 NAVIGATION 4 1 -29 114 0. 13900.3
9.569 1 DOWNLINK_STATUS 16 7306 374 0 405. 22. 61.25
9.609 1 DESIRED -0.45 0.15 5.4 -115. 188. 470. 2.
9.613 1 GPS 3 37012542 184735611 780 33441 19 86 431892750 55 0
9.616 1 SVINFO 3 10 13 7 34 32 320
9.621 1 BAT 0 121 0 1 1323 1323 0
9.839 1 NAVIGATION 4 1 -29 114 0. 13900.3
9.839 1 ATTITUDE 0.547108 1.361357 -0.103454
9.854 1 GPS 3 37012544 184735600 842 33454 14 99 431892998 55 0
9.854 1 SVINFO 4 7 13 7 37 26 62
9.913 1 ESTIMATOR 334.428528 0.256343
10.025 1 WP_MOVED 11 369922.6875 1847503.125 470. 55
10.057 1 NAVIGATION 4 1 -29 114 0. 13869.9
10.089 1 GPS 3 37012539 184735600 897 33458 17 109 431893250 55 0
10.372 1 COMMANDS 0,7632,4522,0
10.373 1 NAVIGATION 4 1 -29 114 0. 13873.6
10.373 1 ATTITUDE 0.526467 1.56556 -0.104474
10.373 1 GPS 3 37012534 184735609 952 33455 2 103 431893498 55 0
10.395 1 FBW_STATUS 2 1 121
10.424 1 ESTIMATOR 334.575714 0.267098
10.429 1 IR_SENSORS 39 26 -9 48 93
10.504 1 ACTUATORS 1100,0,1700,1500,1176,0,1176
10.520 1 WP_MOVED 12 370245.8125 1847206.75 470. 55
10.521 1 CIRCLE -50 272 75
10.552 1 NAVIGATION 4 1 -29 114 0. 13904.
10.573 1 DOWNLINK_STATUS 17 7767 397 0 461. 23. 61.25
10.584 1 GPS 3 37012544 184735611 958 33448 7 89 431893750 55 0
10.586 1 SVINFO 7 25 13 4 29 12 46
10.632 1 DESIRED -0.53 0.15 5.4 -115. 188. 470. 2.
10.712 1 BAT 0 121 0 1 1324 1324 0
10.830 1 NAVIGATION 4 1 -29 114 0. 13898.5
10.854 1 ATTITUDE 0.535383 1.672025 -0.106581
10.859 1 DL_VALUE 2 0.
10.865 1 GPS 3 37012539 184735612 974 33445 13 99 431893998 55 0
10.920 1 ESTIMATOR 334.597626 0.190469
11.016 1 WP_MOVED 13 369892.6875 1847341.25 50. 55
11.054 1 NAVIGATION 4 1 -29 114 0. 13902.2
11.080 1 GPS 3 37012538 184735602 994 33447 18 119 431894250 55 0
11.373 1 COMMANDS 0,7870,3933,0
11.373 1 NAVIGATION 4 1 -29 114 0. 13873.6
11.373 1 ATTITUDE 0.496482 1.734857 -0.082331
11.373 1 CALIBRATION 0. 1
11.373 1 GPS 3 37012540 184735592 1049 33444 40 111 431894498 55 0
11.400 1 FBW_STATUS 2 1 121
11.416 1 ESTIMATOR 334.579956 0.1134
11.423 1 GPS_SOL 537 284 225 6
11.512 1 WP_MOVED 14 370231.59375 1847282.625 470. 55
11.544 1 NAVIGATION 4 1 -29 113 0. 13843.3
11.577 1 DOWNLINK_STATUS 18 8204 419 0 437. 22. 61.25
11.592 1 CIRCLE -50 272 75
11.596 1 GPS 3 37012541 184735591 1072 33446 2 92 431894750 55 0
11.598 1 SVINFO 7 25 13 4 27 12 46
11.608 1 IR_SENSORS 36 24 -9 45 93
11.672 1 DESIRED -0.57 0.15 5.4 -115. 188. 470. 2.
11.720 1 ALIVE 57,202,48,189,62,233,192,56,165,208,104,218,123,55,64,53
11.875 1 NAVIGATION 4 1 -29 113 0. 13843.3
11.875 1 ATTITUDE 0.509242 1.870993 -0.106581
11.875 1 BAT 0 121 0 1 1325 1325 0
11.875 1 PPRZ_MODE 2 3 3 2 0 6
11.876 1 GPS 3 37012534 184735593 975 33447 34 94 431894998 55 0
11.876 1 SVINFO 3 10 13 7 36 32 320
11.916 1 ESTIMATOR 334.554382 0.05804
12.024 1 WP_MOVED 15 370023.6875 1847537.25 470. 55
12.056 1 NAVIGATION 4 1 -29 113 0. 13847.
12.088 1 GPS 3 37012540 184735587 879 33453 21 114 431895250 55 0
12.364 1 COMMANDS 0,8007,4660,0
12.364 1 NAVIGATION 4 1 -29 113 0. 13843.3
12.364 1 ATTITUDE 0.527665 1.534144 -0.113489
12.364 1 DL_VALUE 3 0.
12.365 1 GPS 3 37012537 184735585 857 33459 19 103 431895498 55 0
12.396 1 FBW_STATUS 2 1 121
12.411 1 ESTIMATOR 334.575958 0.054007
12.521 1 WP_MOVED 16 370496. 1847326.875 470. 55
12.552 1 NAVIGATION 4 1 -29 113 0. 13845.2
12.581 1 DOWNLINK_STATUS 19 8690 444 0 486. 25. 61.25
12.584 1 GPS 3 37012540 184735580 778 33470 26 108 431895750 55 0
12.616 1 CIRCLE -50 272 75
12.728 1 DESIRED -0.5 0.15 5.4 -115. 188. 470. 2.
12.877 1 NAVIGATION 4 1 -29 113 0. 13814.9
12.878 1 ATTITUDE 0.542486 1.357866 -0.15331
12.878 1 IR_SENSORS 38 21 -12 44 82
12.878 1 GPS 3 37012543 184735569 727 33486 4 124 431895998 55 0
12.919 1 ESTIMATOR 334.701538 0.122953
12.920 1 BAT 0 121 0 1 1326 1326 0
13.030 1 WP_MOVED 0 370197. 1847284. 470. 55
13.032 1 NAVIGATION_REF 370155 1847242 55
13.046 1 NAVIGATION 4 1 -29 113 0. 13813.
13.078 1 GPS 3 37012557 184735563 786 33497 30 134 431896250 55 0
13.209 1 DOWNLINK 0 449 32349
13.304 1 COMMANDS 0,7251,5351,0
13.384 1 NAVIGATION 4 1 -29 113 0. 13777.2
13.385 1 ATTITUDE 0.509039 1.371829 -0.156328
13.385 1 GPS 3 37012564 184735559 796 33503 16 122 431896498 55 0
13.385 1 SVINFO 7 25 13 4 29 12 46
13.409 1 FBW_STATUS 2 1 121
13.436 1 ESTIMATOR 334.894806 0.211661
13.437 1 GPS_SOL 537 289 224 6
13.437 1 CALIBRATION 0. 1
13.510 1 WP_MOVED 1 370155. 1847242. 470. 55
13.559 1 NAVIGATION 4 1 -29 113 0. 13773.5
13.586 1 DOWNLINK_STATUS 20 9170 469 0 480. 25. 61.25
13.590 1 GPS 3 37012579 184735533 828 33508 60 167 431896750 55 0
13.591 1 SVINFO 3 10 13 7 35 32 320
13.670 1 CIRCLE -50 272 75
13.782 1 DESIRED -0.47 0.15 5.4 -115. 188. 470. 2.
13.798 1 NAVIGATION 4 1 -29 113 0. 13707.6
13.882 1 ATTITUDE 0.522697 1.445133 -0.143528
13.882 1 DL_VALUE 4 75.
13.882 1 GPS 3 37012589 184735521 870 33506 30 149 431896998 55 0
13.883 1 SVINFO 4 7 13 7 38 26 62
13.912 1 ESTIMATOR 335.04895 0.242426
14.035 1 WP_MOVED 2 370104.59375 1847514.25 470. 55
14.036 1 BAT 0 121 0 1 1327 1327 0
14.039 1 IR_SENSORS 37 23 -10 45 91
14.050 1 PONG 
14.052 1 NAVIGATION 4 1 -29 113 0. 13673.8
14.083 1 GPS 3 37012597 184735507 868 33508 18 129 431897250 55 0
14.373 1 COMMANDS 0,7577,4532,0
14.373 1 NAVIGATION 4 1 -29 113 0. 13640.1
14.373 1 ATTITUDE 0.509242 1.514946 -0.106581
14.373 1 GPS 3 37012610 184735497 804 33504 22 120 431897498 55 0
14.390 1 FBW_STATUS 2 1 121
14.441 1 ESTIMATOR 335.126556 0.211191
14.520 1 WP_MOVED 3 370252.6875 1847348.25 470. 55
14.548 1 NAVIGATION 4 1 -28 113 0. 13604.6
14.580 1 GPS 3 37012616 184735498 764 33505 6 120 431897750 55 0
14.589 1 DOWNLINK_STATUS 21 9658 494 0 488. 25. 74.35
14.707 1 CIRCLE -50 272 75
14.803 1 NAVIGATION 4 1 -28 113 0. 13601.
14.875 1 ATTITUDE 0.518034 1.333432 -0.084772
14.875 1 DESIRED -0.46 0.15 5.4 -115. 188. 470. 2.
14.875 1 GPS 3 37012614 184735492 783 33506 7 125 431897998 55 0
14.911 1 ESTIMATOR 335.152893 0.157318
15.021 1 WP_MOVED 4 369815.1875 1847457.375 470. 55
15.053 1 NAVIGATION 4 1 -28 112 0. 13574.5
15.085 1 GPS 3 37012621 184735475 816 33519 48 145 431898250 55 0
15.117 1 BAT 0 121 0 1 1328 1328 0
15.213 1 IR_SENSORS 37 26 -8 47 90
15.310 1 COMMANDS 0,7434,4230,0
15.311 1 NAVIGATION 4 1 -28 112 0. 13540.9
15.370 1 ATTITUDE 0.522497 1.424189 -0.085622
15.370 1 DL_VALUE 5 2.
15.371 1 GPS 3 37012628 184735453 921 33528 11 142 431898498 55 0
15.389 1 FBW_STATUS 2 1 121
15.422 1 ESTIMATOR 335.244629 0.167101
15.423 1 GPS_SOL 537 279 224 6
15.502 1 ACTUATORS 1100,0,1686,1500,1184,0,1184
15.522 1 WP_MOVED 5 370218.8125 1847562.625 470. 55
15.522 1 CALIBRATION 0. 1
15.549 1 NAVIGATION 4 1 -28 112 0. 13481.
15.581 1 GPS 3 37012621 184735438 971 33548 25 154 431898750 55 0
15.594 1 DOWNLINK_STATUS 22 10130 518 0 472. 24. 74.35
15.759 1 CIRCLE -50 272 75
15.805 1 NAVIGATION 4 1 -28 112 0. 13456.5
15.891 1 ATTITUDE 0.522697 1.694715 -0.109918
15.891 1 GPS 3 37012619 184735431 1025 33563 34 170 431898998 55 0
15.891 1 DESIRED -0.54 0.15 5.4 -115. 188. 470. 2.
15.922 1 ESTIMATOR 335.459198 0.256934
16.015 1 WP_MOVED 6 370351.6875 1847259.75 470. 55
16.044 1 NAVIGATION 4 1 -28 112 0. 13430.2
16.076 1 GPS 3 37012625 184735429 1127 33578 15 152 431899250 55 0
16.220 1 BAT 0 121 0 1 1329 1329 0
16.300 1 COMMANDS 0,7995,5853,0
16.320 1 NAVIGATION 4 1 -28 112 0. 13426.6
16.408 1 ATTITUDE 0.490396 1.966986 -0.167552
16.408 1 GPS 3 37012634 184735433 1122 33580 15 149 431899498 55 0
16.424 1 FBW_STATUS 2 1 121
16.425 1 ESTIMATOR 335.708649 0.336865
16.431 1 IR_SENSORS 37 17 -15 40 87
16.524 1 WP_MOVED 7 370352.5 1847557.25 470. 55
16.556 1 NAVIGATION 4 1 -28 112 0. 13449.3
16.588 1 GPS 3 37012640 184735429 1150 33590 17 153 431899750 55 0
16.597 1 DOWNLINK_STATUS 23 10542 538 0 412. 20. 74.35
16.716 1 ALIVE 57,202,48,189,62,233,192,56,165,208,104,218,123,55,64,53
16.796 1 NAVIGATION 4 1 -28 112 0. 13417.7
16.893 1 ATTITUDE 0.432487 2.007129 -0.200971
16.893 1 CIRCLE -50 272 75
16.893 1 DL_VALUE 6 0.
16.893 1 PPRZ_MODE 2 3 3 2 0 6
16.894 1 GPS 3 37012651 184735419 1159 33611 35 178 431899998 55 0
16.928 1 ESTIMATOR 335.968079 0.400303
16.944 1 DESIRED -0.6 0.15 5.4 -115. 188. 470. 2.
17.020 1 WP_MOVED 8 369720.90625 1847611.25 470. 55
17.052 1 NAVIGATION 4 1 -28 112 0. 13412.3
17.084 1 GPS 3 37012663 184735405 1170 33636 42 188 431900250 55 0
17.088 1 SVINFO 7 25 13 4 27 12 46
17.308 1 COMMANDS 0,7442,5905,0
17.310 1 NAVIGATION 4 1 -28 112 0. 13349.1
17.403 1 ATTITUDE 0.388698 2.042035 -0.242255
17.403 1 BAT 0 121 0 1 1331 1331 0
17.403 1 GPS 3 37012669 184735406 1183 33654 19 174 431900498 55 0
17.403 1 FBW_STATUS 2 1 121
17.427 1 ESTIMATOR 336.342377 0.518377
17.428 1 GPS_SOL 539 289 225 6
17.516 1 WP_MOVED 9 369613.6875 1847322.375 470. 55
17.548 1 NAVIGATION 4 1 -28 112 0. 13345.6
17.602 1 GPS 3 37012668 184735404 1191 33665 7 169 431900750 55 0
17.617 1 SVINFO 3 10 13 7 36 32 320
17.623 1 DOWNLINK_STATUS 24 11029 563 0 487. 25. 74.35
17.628 1 IR_SENSORS 32 6 -19 28 87
17.633 1 CALIBRATION 0. 1
17.804 1 NAVIGATION 4 1 -28 112 0. 13345.6
17.930 1 ATTITUDE 0.35092 2.078687 -0.233959
17.931 1 GPS 3 37012665 184735409 1231 33676 20 175 431900998 55 0
17.931 1 SVINFO 4 7 13 7 37 26 62
17.931 1 CIRCLE -50 272 75
17.931 1 ESTIMATOR 336.688629 0.576154
17.984 1 DESIRED -0.6 0.15 5.4 -114. 188. 470. 2.
18.021 1 WP_MOVED 10 370104.09375 1847401.25 470. 55
18.047 1 NAVIGATION 4 1 -28 112 0. 13375.4
18.077 1 GPS 3 37012667 184735411 1238 33692 7 173 431901250 55 0
18.300 1 COMMANDS 0,7131,6434,0
18.316 1 NAVIGATION 4 1 -28 112 0. 13375.4
18.378 1 ATTITUDE 0.35092 2.160718 -0.244849
18.378 1 DL_VALUE 7 1.
18.378 1 DOWNLINK 0 463 32471
18.378 1 GPS 3 37012671 184735416 1248 33706 38 182 431901498 55 0
18.391 1 FBW_STATUS 2 1 121
18.424 1 ESTIMATOR 337.020996 0.60566
18.424 1 BAT 0 121 0 1 1332 1332 0
18.519 1 WP_MOVED 11 369922.6875 1847503.125 470. 55
18.551 1 NAVIGATION 4 1 -28 112 0. 13371.8
18.583 1 GPS 3 37012680 184735410 1255 33720 43 182 431901750 55 0
18.599 1 SVINFO 7 25 13 4 29 12 45
18.603 1 DOWNLINK_STATUS 25 11502 588 0 473. 25. 74.35
18.807 1 NAVIGATION 4 1 -28 112 0. 13366.6
18.877 1 ATTITUDE 0.393024 2.190388 -0.219093
18.878 1 IR_SENSORS 33 8 -18 30 84
18.878 1 GPS 3 37012680 184735409 1283 33724 18 175 431901998 55 0
18.924 1 ESTIMATOR 337.306946 0.592017
18.924 1 CIRCLE -50 272 75
19.031 1 WP_MOVED 12 370245.8125 1847206.75 470. 55
19.033 1 DESIRED -0.6 0.15 5.4 -114. 188. 470. 2.
19.046 1 PONG 
19.048 1 NAVIGATION 4 1 -28 112 0. 13366.6
19.079 1 GPS 3 37012682 184735407 1289 33726 17 171 431902250 55 0
19.303 1 COMMANDS 0,7526,5586,0
19.308 1 NAVIGATION 4 1 -28 112 0. 13366.6
19.322 1 ATTITUDE 0.413979 2.249729 -0.173149
19.407 1 FBW_STATUS 2 1 121
19.419 1 ESTIMATOR 337.482544 0.510095
19.434 1 GPS_SOL 539 276 224 6
19.527 1 WP_MOVED 13 369892.6875 1847341.25 50. 55
19.527 1 BAT 0 121 0 1 1333 1333 0
19.543 1 NAVIGATION 4 1 -28 112 0. 13336.8
19.642 1 GPS 3 37012697 184735393 1300 33744 43 190 431902750 55 0
19.650 1 SVINFO 2 8 13 4 32 44 106
19.651 1 DOWNLINK_STATUS 26 11920 610 0 418. 22. 66.26
19.719 1 CALIBRATION 0. 1
19.799 1 NAVIGATION 4 1 -28 111 0. 13301.8
19.831 1 ATTITUDE 0.436876 2.268928 -0.167137
19.854 1 DL_VALUE 8 0.
19.854 1 GPS 3 37012709 184735377 1306 33756 45 198 431902998 55 0
19.911 1 ESTIMATOR 337.647064 0.44943
19.959 1 CIRCLE -50 272 75
20.023 1 WP_MOVED 14 370231.59375 1847282.625 470. 55
20.023 1 IR_SENSORS 31 14 -12 33 79
20.055 1 NAVIGATION 4 1 -27 111 0. 13266.8
20.087 1 DESIRED -0.6 0.15 5.4 -114. 188. 470. 2.
20.103 1 GPS 3 37012716 184735371 1324 33761 39 163 431903250 55 0
20.311 1 COMMANDS 0,7842,5245,0
20.311 1 NAVIGATION 4 1 -27 111 0. 13263.3
20.343 1 ATTITUDE 0.44569 2.310816 -0.158746
20.345 1 GPS 3 37012710 184735377 1366 33761 29 170 431903498 55 0
20.391 1 FBW_STATUS 2 1 121
20.407 1 ESTIMATOR 337.762573 0.374079
20.503 1 ACTUATORS 1100,0,1740,1500,1198,0,1198
20.519 1 WP_MOVED 15 370023.6875 1847537.25 470. 55
20.551 1 NAVIGATION 4 1 -27 111 0. 13266.8
20.583 1 GPS 3 37012705 184735382 1393 33759 7 162 431903750 55 0
20.615 1 BAT 0 121 0 1 1334 1334 0
20.646 1 DOWNLINK_STATUS 27 12375 633 0 455. 23. 66.26
20.807 1 NAVIGATION 4 1 -27 111 0. 13296.5
20.839 1 ATTITUDE 0.44569 2.431244 -0.121435
20.839 1 GPS 3 37012695 184735386 1357 33750 22 156 431903998 55 0
20.919 1 ESTIMATOR 337.759766 0.243368
21.015 1 WP_MOVED 16 370496. 1847326.875 470. 55
21.031 1 CIRCLE -50 272 75
21.047 1 NAVIGATION 4 1 -28 111 0. 13303.5
21.095 1 GPS 3 37012691 184735390 1338 33746 10 153 431904250 55 0
21.096 1 SVINFO 1 2 13 7 43 65 352
21.127 1 DESIRED -0.2 0.15 5.4 -114. 188. 470. 2.
21.207 1 IR_SENSORS 28 16 -9 33 78
21.303 1 COMMANDS 0,4947,4763,0
21.303 1 NAVIGATION 4 1 -28 111 0. 13305.3
21.363 1 ATTITUDE 0.459646 2.335251 -0.125872
21.364 1 DL_VALUE 9 -0.05
21.364 1 GPS 3 37012686 184735392 1346 33747 37 168 431904498 55 0
21.364 1 SVINFO 2 8 13 4 31 44 106
21.395 1 FBW_STATUS 2 1 121
21.427 1 ESTIMATOR 337.679688 0.10746
21.427 1 GPS_SOL 563 278 224 6
21.523 1 WP_MOVED 0 370197. 1847284. 470. 55
21.554 1 NAVIGATION 4 1 -28 111 0. 13307.
21.586 1 GPS 3 37012678 184735390 1365 33759 20 150 431904750 55 0
21.587 1 SVINFO 3 10 13 7 37 32 320
21.650 1 DOWNLINK_STATUS 28 12839 657 0 464. 24. 66.26
21.730 1 BAT 0 121 0 1 1335 1335 0
21.731 1 ALIVE 57,202,48,189,62,233,192,56,165,208,104,218,123,55,64,53
21.794 1 NAVIGATION 4 1 -28 111 0. 13312.3
21.842 1 ATTITUDE 0.485877 2.382375 -0.170926
21.842 1 CALIBRATION 0. 1
21.866 1 PPRZ_MODE 2 3 3 2 0 6
21.866 1 GPS 3 37012670 184735391 1374 33757 45 167 431904998 55 0
21.867 1 SVINFO 4 7 13 7 38 26 62
21.906 1 ESTIMATOR 337.659637 0.0572
22.018 1 WP_MOVED 1 370155. 1847242. 470. 55
22.018 1 NAVIGATION_REF 370155 1847242 55
22.050 1 NAVIGATION 4 1 -28 111 0. 13317.6
22.082 1 CIRCLE -50 272 75
22.082 1 GPS 3 37012673 184735390 1377 33759 41 175 431905250 55 0
22.178 1 DESIRED 0.2 0.15 5.4 -114. 188. 470. 2.
22.306 1 COMMANDS 0,2352,4618,0
22.306 1 NAVIGATION 4 1 -28 111 0. 13315.8
22.338 1 ATTITUDE 0.513648 2.403318 -0.132355
22.354 1 GPS 3 37012670 184735385 1398 33757 35 170 431905498 55 0
22.355 1 SVINFO 6 15 13 7 41 26 236
22.386 1 FBW_STATUS 2 1 121
22.418 1 ESTIMATOR 337.634979 0.020882
22.418 1 IR_SENSORS 31 18 -9 36 72
22.514 1 WP_MOVED 2 370104.59375 1847514.25 470. 55
22.546 1 NAVIGATION 4 1 -28 111 0. 13317.6
22.578 1 GPS 3 37012665 184735383 1404 33764 39 165 431905750 55 0
22.654 1 DOWNLINK_STATUS 29 13340 683 0 501. 26. 66.26
22.802 1 NAVIGATION 4 1 -28 111 0. 13319.4
22.834 1 ATTITUDE 0.508572 2.450442 -0.108922
22.850 1 BAT 0 121 0 1 1336 1336 0
22.850 1 DL_VALUE 10 0.008
22.851 1 GPS 3 37012672 184735385 1421 33771 48 177 431905998 55 0
22.914 1 ESTIMATOR 337.663483 0.034315
23.010 1 WP_MOVED 3 370252.6875 1847348.25 470. 55
23.058 1 NAVIGATION 4 1 -28 111 0. 13315.8
23.090 1 GPS 3 37012682 184735385 1402 33767 20 144 431906250 55 0
23.106 1 CIRCLE -50 272 75
23.233 1 DESIRED 0.6 0.15 5.4 -114. 188. 470. 2.
23.301 1 COMMANDS 0,-436,4608,0
23.314 1 NAVIGATION 4 1 -28 111 0. 13310.6
23.346 1 ATTITUDE 0.541809 2.446952 -0.079307
23.347 1 GPS 3 37012684 184735399 1309 33753 21 155 431906498 55 0
23.394 1 FBW_STATUS 2 1 121
23.426 1 ESTIMATOR 337.637878 0.002635
23.427 1 GPS_SOL 564 280 224 6
23.427 1 DOWNLINK 0 468 32594
23.522 1 WP_MOVED 4 369815.1875 1847457.375 470. 55
23.554 1 NAVIGATION 4 1 -28 112 0. 13336.8
23.586 1 GPS 3 37012641 184735457 1286 33695 1 141 431906750 55 0
23.618 1 IR_SENSORS 37 26 -8 47 84
23.658 1 DOWNLINK_STATUS 30 13791 706 0 451. 23. 66.26
23.794 1 NAVIGATION 4 1 -28 112 0. 13502.
23.842 1 ATTITUDE 0.541809 2.244493 -0.114736
23.843 1 GPS 3 37012617 184735501 1340 33657 13 142 431906998 55 0
23.922 1 ESTIMATOR 337.174438 -0.315968
23.923 1 BAT 0 121 0 1 1337 1337 0
23.938 1 CALIBRATION 0. 1
24.018 1 WP_MOVED 5 370218.8125 1847562.625 470. 55
24.050 1 PONG 
24.051 1 NAVIGATION 4 1 -28 113 0. 13601.
24.082 1 GPS 3 37012607 184735532 1329 33619 21 131 431907250 55 0
24.098 1 SVINFO 2 8 13 6 33 44 106
24.162 1 CIRCLE -50 272 75
24.274 1 DESIRED 0.5 0.15 5.4 -115. 188. 470. 2.
24.325 1 COMMANDS 0,-221,4588,0
24.326 1 NAVIGATION 4 1 -28 113 0. 13691.3
24.338 1 ATTITUDE 0.470405 2.319543 -0.113489
24.339 1 DL_VALUE 0 470.
24.354 1 GPS 3 37012602 184735559 1303 33595 8 140 431907498 55 0
24.396 1 FBW_STATUS 2 1 121
24.418 1 ESTIMATOR 336.500549 -0.664166
24.514 1 WP_MOVED 6 370351.6875 1847259.75 470. 55
24.546 1 NAVIGATION 4 1 -28 113 0. 13749.8
24.578 1 GPS 3 37012597 184735587 1195 33578 26 108 431907750 55 0
24.662 1 DOWNLINK_STATUS 31 14229 729 0 438. 23. 65.08
24.802 1 NAVIGATION 4 1 -29 113 0. 13810.3
24.834 1 ATTITUDE 0.478486 2.085669 -0.118657
24.850 1 IR_SENSORS 31 19 -9 37 81
24.850 1 GPS 3 37012588 184735601 1156 33565 2 108 431907998 55 0
24.918 1 ESTIMATOR 335.890259 -0.849342
25.026 1 WP_MOVED 7 370352.5 1847557.25 470. 55
25.027 1 BAT 0 121 0 1 1338 1338 0
25.058 1 NAVIGATION 4 1 -29 114 0. 13844.3
25.090 1 GPS 3 37012579 184735612 1238 33558 25 139 431908250 55 0
25.218 1 CIRCLE -50 272 75
25.298 1 COMMANDS 0,1442,4857,0
25.314 1 NAVIGATION 4 1 -29 114 0. 13878.3
25.346 1 ATTITUDE 0.49752 2.160718 -0.166655
25.347 1 DESIRED 0.2 0.15 5.4 -115. 188. 470. 2.
25.362 1 GPS 3 37012568 184735623 1313 33552 18 126 431908498 55 0
25.404 1 FBW_STATUS 2 1 121
25.426 1 ESTIMATOR 335.457428 -0.851625
25.426 1 GPS_SOL 535 279 224 6
25.506 1 ACTUATORS 1100,0,1743,1500,1408,0,1408
25.522 1 WP_MOVED 8 369720.90625 1847611.25 470. 55
25.554 1 NAVIGATION 4 1 -29 114 0. 13912.3
25.586 1 GPS 3 37012561 184735637 1395 33552 14 125 431908750 55 0
25.587 1 SVINFO 3 10 13 7 36 32 320
25.666 1 DOWNLINK_STATUS 32 14693 752 0 464. 23. 65.08
25.806 1 NAVIGATION 4 1 -29 114 0. 13944.5
25.842 1 ATTITUDE 0.459646 2.434734 -0.151739
25.842 1 DL_VALUE 1 0.
25.843 1 GPS 3 37012556 184735637 1404 33551 22 154 431908998 55 0
25.908 1 ESTIMATOR 335.231781 -0.713605
26.034 1 WP_MOVED 9 369613.6875 1847322.375 470. 55
26.035 1 IR_SENSORS 31 16 -11 35 79
26.035 1 CALIBRATION 0. 1
26.050 1 NAVIGATION 4 1 -29 114 0. 13948.2
26.082 1 GPS 3 37012558 184735633 1516 33540 19 123 431909250 55 0
26.114 1 BAT 0 121 0 1 1339 1339 0
26.258 1 CIRCLE -50 272 75
26.306 1 COMMANDS 0,28,4871,0
26.306 1 NAVIGATION 4 1 -29 114 0. 13946.4
26.338 1 ATTITUDE 0.493946 2.645919 -0.117319
26.354 1 GPS 3 37012553 184735637 1434 33522 14 128 431909498 55 0
26.355 1 SVINFO 6 15 13 7 42 26 236
26.370 1 DESIRED 0.59 0.15 5.4 -115. 188. 470. 2.
26.386 1 FBW_STATUS 2 1 121
26.418 1 ESTIMATOR 335.054749 -0.59349
26.514 1 WP_MOVED 10 370104.09375 1847401.25 470. 55
26.546 1 NAVIGATION 4 1 -29 114 0. 13950.
26.578 1 GPS 3 37012546 184735647 1367 33510 14 115 431909750 55 0
26.670 1 DOWNLINK_STATUS 33 15141 775 0 448. 23. 65.08
26.722 1 ALIVE 57,202,48,189,62,233,192,56,165,208,104,218,123,55,64,53
26.802 1 NAVIGATION 4 1 -29 114 0. 13982.3
26.834 1 ATTITUDE 0.546044 2.385865 -0.125109
26.834 1 PPRZ_MODE 2 3 3 2 0 6
26.850 1 GPS 3 37012550 184735665 1292 33487 43 101 431909998 55 0
26.916 1 ESTIMATOR 334.835754 -0.543218
27.010 1 WP_MOVED 11 369922.6875 1847503.125 470. 55
27.058 1 NAVIGATION 4 1 -29 114 0. 14009.1
27.090 1 GPS 3 37012557 184735676 1293 33469 9 107 431910250 55 0
27.218 1 BAT 0 121 0 1 1340 1340 0
27.219 1 IR_SENSORS 45 24 -15 51 85
27.313 1 COMMANDS 0,678,6392,0
27.313 1 NAVIGATION 4 1 -29 114 0. 14034.1
27.359 1 ATTITUDE 0.590419 2.256711 -0.205396
27.359 1 CIRCLE -50 272 75
27.360 1 DL_VALUE 2 0.
27.361 1 GPS 3 37012561 184735686 1202 33453 13 83 431910498 55 0
27.391 1 FBW_STATUS 2 1 121
27.450 1 ESTIMATOR 334.552185 -0.551721
27.451 1 DESIRED 0.4 0.15 5.4 -115. 188. 470. 2.
27.451 1 GPS_SOL 535 276 224 6
27.514 1 WP_MOVED 12 370245.8125 1847206.75 470. 55
27.546 1 NAVIGATION 4 1 -29 114 0. 14059.2
27.578 1 GPS 3 37012560 184735692 1158 33450 4 88 431910750 55 0
27.774 1 DOWNLINK_STATUS 34 15616 799 0 475. 24. 65.08
27.802 1 NAVIGATION 4 1 -29 114 0. 14061.
27.834 1 ATTITUDE 0.558063 2.021091 -0.209762
27.835 1 GPS 3 37012551 184735698 1256 33450 10 98 431910998 55 0
27.924 1 ESTIMATOR 334.359589 -0.493174
28.010 1 WP_MOVED 13 369892.6875 1847341.25 50. 55
28.058 1 NAVIGATION 4 1 -29 115 0. 14095.2
28.090 1 GPS 3 37012537 184735703 1365 33446 13 89 431911250 55 0
28.106 1 CALIBRATION 0. 1
28.298 1 COMMANDS 0,3387,6460,0
28.314 1 NAVIGATION 4 1 -29 115 0. 14102.6
28.359 1 ATTITUDE 0.538852 2.382375 -0.227795
28.360 1 BAT 0 121 0 1 1342 1342 0
28.360 1 GPS 3 37012524 184735710 1463 33446 23 94 431911498 55 0
28.361 1 CIRCLE -50 272 75
28.391 1 FBW_STATUS 2 1 121
28.428 1 ESTIMATOR 334.263916 -0.389749
28.428 1 IR_SENSORS 46 18 -21 48 94
28.471 1 DESIRED 0.2 0.15 5.4 -115. 188. 470. 2.
28.519 1 WP_MOVED 14 370231.59375 1847282.625 470. 55
28.519 1 DOWNLINK 0 450 32711
28.551 1 NAVIGATION 4 1 -29 115 0. 14138.8
28.583 1 GPS 3 37012514 184735715 1547 33451 13 85 431911750 55 0
28.778 1 DOWNLINK_STATUS 35 16050 821 0 434. 22. 65.08
28.807 1 NAVIGATION 4 1 -29 115 0. 14146.3
28.839 1 ATTITUDE 0.441125 2.700024 -0.19148
28.839 1 DL_VALUE 3 0.
28.840 1 GPS 3 37012498 184735722 1624 33454 23 100 431911998 55 0
28.929 1 ESTIMATOR 334.283386 -0.24381
29.031 1 WP_MOVED 15 370023.6875 1847537.25 470. 55
29.058 1 NAVIGATION 4 1 -30 115 0. 14184.4
29.058 1 PONG 
29.079 1 GPS 3 37012489 184735725 1642 33449 9 100 431912250 55 0
29.303 1 COMMANDS 0,-478,5587,0
29.303 1 NAVIGATION 4 1 -30 115 0. 14190.1
29.335 1 ATTITUDE 0.436177 2.865831 -0.182045
29.351 1 GPS 3 37012477 184735734 1606 33447 7 87 431912498 55 0
29.399 1 FBW_STATUS 2 1 121
29.432 1 ESTIMATOR 334.312103 -0.142305
29.433 1 CIRCLE -50 272 75
29.433 1 BAT 0 121 0 1 1343 1343 0
29.447 1 GPS_SOL 536 275 224 6
29.527 1 WP_MOVED 16 370496. 1847326.875 470. 55
29.543 1 DESIRED 0.54 0.15 5.4 -115. 188. 470. 2.
29.544 1 NAVIGATION 4 1 -30 115 0. 14224.6
29.594 1 GPS 3 37012471 184735745 1695 33443 15 75 431912750 55 0
29.595 1 SVINFO 3 10 13 7 37 32 320
29.607 1 IR_SENSORS 36 13 -17 36 88
29.782 1 DOWNLINK_STATUS 36 16510 845 0 460. 24. 69.72
29.799 1 NAVIGATION 4 1 -30 115 0. 14257.2
29.831 1 ATTITUDE 0.438319 2.958333 -0.209762
29.847 1 GPS 3 37012466 184735754 1586 33438 15 78 431912998 55 0
29.911 1 ESTIMATOR 334.316681 -0.091976
30.023 1 WP_MOVED 0 370197. 1847284. 470. 55
30.055 1 NAVIGATION 4 1 -30 115 0. 14261.
30.087 1 GPS 3 37012454 184735766 1674 33436 16 82 431913250 55 0
30.215 1 CALIBRATION 0. 1
30.311 1 COMMANDS 0,-620,6397,0
30.312 1 NAVIGATION 4 1 -30 115 0. 14297.5
30.343 1 ATTITUDE 0.477581 2.921681 -0.232024
30.343 1 DL_VALUE 4 75.
30.344 1 GPS 3 37012454 184735768 1671 33446 41 117 431913498 55 0
30.397 1 FBW_STATUS 2 1 121
30.407 1 ESTIMATOR 334.339691 -0.043306
30.455 1 CIRCLE -50 272 75
30.503 1 ACTUATORS 1100,0,1788,1500,1515,0,1515
30.519 1 WP_MOVED 1 370155. 1847242. 470. 55
30.535 1 BAT 0 121 0 1 1344 1344 0
30.551 1 NAVIGATION 4 1 -30 115 0. 14297.5
30.599 1 DESIRED 0.53 0.15 5.4 -115. 188. 470. 2.
30.600 1 GPS 3 37012463 184735776 1656 33448 29 119 431913750 55 0
30.782 1 DOWNLINK_STATUS 37 16949 867 0 439. 22. 69.72
30.807 1 NAVIGATION 4 1 -30 115 0. 14320.7
30.854 1 ATTITUDE 0.55028 2.890265 -0.243545
30.854 1 IR_SENSORS 40 15 -18 41 75
30.855 1 GPS 3 37012467 184735784 1687 33448 8 108 431913998 55 0
30.918 1 ESTIMATOR 334.399658 0.011475
31.030 1 WP_MOVED 2 370104.59375 1847514.25 470. 55
31.031 1 NAVIGATION_REF 370155 1847242 55
31.046 1 NAVIGATION 4 1 -30 115 0. 14347.8
31.078 1 GPS 3 37012470 184735791 1682 33447 23 111 431914250 55 0
31.302 1 COMMANDS 0,284,6164,0
31.303 1 NAVIGATION 4 1 -30 115 0. 14345.9
31.334 1 ATTITUDE 0.560488 2.935644 -0.218183
31.350 1 GPS 3 37012472 184735793 1762 33440 11 97 431914498 55 0
31.398 1 FBW_STATUS 2 1 121
31.414 1 ESTIMATOR 334.420013 0.019737
31.430 1 GPS_SOL 536 277 224 6
31.526 1 WP_MOVED 3 370252.6875 1847348.25 470. 55
31.526 1 CIRCLE -50 272 75
31.558 1 NAVIGATION 4 1 -30 115 0. 14344.
31.574 1 GPS 3 37012473 184735797 1668 33435 14 106 431914750 55 0
31.638 1 DESIRED 0.49 0.15 5.4 -115. 188. 470. 2.
31.639 1 BAT 0 121 0 1 1345 1345 0
31.718 1 ALIVE 57,202,48,189,62,233,192,56,165,208,104,218,123,55,64,53
31.786 1 DOWNLINK_STATUS 38 17416 890 0 467. 23. 69.72
31.798 1 NAVIGATION 4 1 -30 116 0. 14373.
31.857 1 ATTITUDE 0.461807 2.911209 -0.145066
31.858 1 DL_VALUE 5 2.
31.858 1 PPRZ_MODE 2 3 3 2 0 6
31.859 1 GPS 3 37012474 184735799 1672 33429 12 123 431914998 55 0
31.921 1 ESTIMATOR 334.372711 -0.019843
32.017 1 WP_MOVED 4 369815.1875 1847457.375 470. 55
32.033 1 IR_SENSORS 33 17 -12 37 85
32.049 1 NAVIGATION 4 1 -30 116 0. 14371.1
32.081 1 GPS 3 37012468 184735799 1570 33426 11 117 431915250 55 0
32.305 1 COMMANDS 0,-504,5367,0
32.305 1 NAVIGATION 4 1 -30 116 0. 14374.8
32.337 1 ATTITUDE 0.460557 2.740167 -0.14825
32.338 1 CALIBRATION 0. 1
32.353 1 GPS 3 37012452 184735808 1677 33422 28 111 431915498 55 0
32.401 1 FBW_STATUS 2 1 121
32.417 1 ESTIMATOR 334.296967 -0.064588
32.513 1 WP_MOVED 5 370218.8125 1847562.625 470. 55
32.545 1 NAVIGATION 4 1 -30 116 0. 14413.4
32.577 1 CIRCLE -50 272 75
32.578 1 GPS 3 37012446 184735815 1662 33424 18 110 431915750 55 0
32.673 1 DESIRED 0.53 0.15 5.4 -115. 188. 470. 2.
32.721 1 BAT 0 121 0 1 1346 1346 0
32.790 1 DOWNLINK_STATUS 39 17862 913 0 446. 23. 69.72
32.801 1 NAVIGATION 4 1 -30 116 0. 14417.2
32.833 1 ATTITUDE 0.460557 2.900737 -0.14825
32.834 1 GPS 3 37012441 184735825 1754 33417 37 98 431915998 55 0
32.922 1 ESTIMATOR 334.228363 -0.089998
33.024 1 WP_MOVED 6 370351.6875 1847259.75 470. 55
33.056 1 NAVIGATION 4 1 -30 116 0. 14450.
33.088 1 GPS 3 37012437 184735831 1780 33411 6 100 431916250 55 0
33.089 1 SVINFO 1 2 13 7 42 66 352
33.233 1 IR_SENSORS 34 16 -13 37 84
33.312 1 COMMANDS 0,-177,6008,0
33.312 1 NAVIGATION 4 1 -30 116 0. 14452.
33.344 1 ATTITUDE 0.473868 3.106686 -0.188926
33.344 1 DL_VALUE 6 0.
33.345 1 GPS 3 37012440 184735835 1819 33402 2 123 431916498 55 0
33.392 1 FBW_STATUS 2 1 121
33.424 1 ESTIMATOR 334.114563 -0.137382
33.424 1 GPS_SOL 535 272 224 6
33.520 1 WP_MOVED 7 370352.5 1847557.25 470. 55
33.552 1 NAVIGATION 4 1 -30 116 0. 14479.1
33.584 1 GPS 3 37012438 184735834 1770 33402 5 111 431916750 55 0
33.585 1 SVINFO 3 10 13 7 36 32 320
33.616 1 CIRCLE -50 272 75
33.616 1 DOWNLINK 0 449 32828
33.728 1 DESIRED 0.47 0.15 5.4 -115. 188. 470. 2.
33.790 1 DOWNLINK_STATUS 40 18323 937 0 461. 24. 69.72
33.792 1 NAVIGATION 4 1 -30 116 0. 14481.
33.856 1 ATTITUDE 0.513648 3.089233 -0.212421
33.856 1 BAT 0 121 0 1 1347 1347 0
33.856 1 GPS 3 37012435 184735834 1764 33398 42 126 431916998 55 0
33.919 1 ESTIMATOR 334.013 -0.159491
34.111 1 WP_MOVED 8 369720.90625 1847611.25 470. 55
34.127 1 NAVIGATION 4 1 -30 116 0. 14482.9
34.128 1 GPS 3 37012436 184735838 1724 33393 9 111 431917250 55 0
34.303 1 COMMANDS 0,184,6386,0
34.303 1 NAVIGATION 4 1 -30 116 0. 14481.
34.335 1 ATTITUDE 0.527665 3.008948 -0.239091
34.351 1 GPS 3 37012437 184735842 1716 33393 21 127 431917498 55 0
34.401 1 FBW_STATUS 2 1 121
34.431 1 ESTIMATOR 333.922028 -0.166169
34.432 1 IR_SENSORS 43 17 -19 45 85
34.432 1 CALIBRATION 0. 1
34.511 1 WP_MOVED 9 369613.6875 1847322.375 470. 55
34.543 1 NAVIGATION 4 1 -30 116 0. 14481.
34.591 1 GPS 3 37012440 184735841 1709 33403 27 129 431917750 55 0
34.592 1 SVINFO 7 25 13 4 30 12 45
34.655 1 CIRCLE -50 272 75
34.767 1 DESIRED 0.51 0.15 5.4 -115. 188. 470. 2.
34.794 1 DOWNLINK_STATUS 41 18760 959 0 437. 22. -4934.27
34.799 1 NAVIGATION 4 1 -30 116 0. 14479.1
34.831 1 ATTITUDE 0.572939 2.982768 -0.261266
34.847 1 DL_VALUE 7 1.
34.848 1 GPS 3 37012441 184735836 1645 33411 13 150 431917998 55 0
34.927 1 ESTIMATOR 333.950775 -0.088891
34.928 1 BAT 0 121 0 1 1348 1348 0
35.023 1 WP_MOVED 10 370104.09375 1847401.25 470. 55
35.055 1 NAVIGATION 4 1 -30 116 0. 14479.1
35.071 1 GPS 3 37012435 184735833 1750 33414 15 115 431918250 55 0
35.311 1 COMMANDS 0,383,7222,0
35.312 1 NAVIGATION 4 1 -30 116 0. 14482.9
35.312 1 ATTITUDE 0.583708 3.054326 -0.274252
35.343 1 SVINFO 7 25 13 4 28 12 45
35.391 1 FBW_STATUS 2 1 121
35.423 1 ESTIMATOR 334.025299 -0.0087
35.424 1 GPS_SOL 534 277 224 6
35.503 1 ACTUATORS 1100,0,1796,1500,1469,0,1469
35.519 1 WP_MOVED 11 369922.6875 1847503.125 470. 55
35.551 1 NAVIGATION 4 1 -30 116 0. 14492.6
35.583 1 GPS 3 37012416 184735833 1835 33419 13 132 431918750 55 0
35.615 1 IR_SENSORS 51 21 -22 54 87
35.711 1 CIRCLE -50 272 75
35.798 1 DOWNLINK_STATUS 42 19170 981 1 410. 22. -4934.27
35.807 1 NAVIGATION 4 1 -30 116 0. 14494.5
35.839 1 ATTITUDE 0.600386 -3.080506 -0.242255
35.855 1 DESIRED 0.47 0.15 5.4 -115. 188. 470. 2.
35.856 1 GPS 3 37012420 184735831 1819 33438 19 131 431918998 55 0
35.919 1 ESTIMATOR 334.161652 0.089339
36.031 1 WP_MOVED 12 370245.8125 1847206.75 470. 55
36.032 1 BAT 0 121 0 1 1349 1349 0
36.047 1 NAVIGATION 4 1 -30 116 0. 14463.5
36.079 1 GPS 3 37012421 184735833 1893 33443 37 105 431919250 55 0
36.303 1 COMMANDS 0,1010,6388,0
36.303 1 NAVIGATION 4 1 -30 116 0. 14490.6
36.335 1 ATTITUDE 0.616729 -2.979277 -0.231477
36.351 1 DL_VALUE 8 0.
36.351 1 GPS 3 37012422 184735832 1917 33439 4 134 431919498 55 0
36.399 1 FBW_STATUS 2 1 121
36.415 1 ESTIMATOR 334.316742 0.161834
36.527 1 WP_MOVED 13 369892.6875 1847341.25 50. 55
36.527 1 CALIBRATION 0. 1
36.543 1 NAVIGATION 4 1 -30 116 0. 14490.6
36.575 1 GPS 3 37012426 184735826 2011 33432 15 106 431919750 55 0
36.719 1 ALIVE 57,202,48,189,62,233,192,56,165,208,104,218,123,55,64,53
36.767 1 CIRCLE -50 272 75
36.799 1 NAVIGATION 4 1 -30 116 0. 14459.6
36.800 1 DOWNLINK_STATUS 43 19631 1004 1 461. 23. -4934.27
36.859 1 ATTITUDE 0.590419 -2.773328 -0.216056
36.860 1 IR_SENSORS 49 23 -19 54 90
36.860 1 PPRZ_MODE 2 3 3 2 0 6
36.861 1 GPS 3 37012427 184735825 2098 33427 21 113 431919998 55 0
36.875 1 DESIRED 0.4 0.15 5.4 -115. 188. 470. 2.
36.907 1 ESTIMATOR 334.352936 0.130051
37.019 1 WP_MOVED 14 370231.59375 1847282.625 470. 55
37.051 1 NAVIGATION 4 1 -30 116 0. 14457.7
37.083 1 GPS 3 37012431 184735832 2062 33417 8 118 431920250 55 0
37.115 1 BAT 0 121 0 1 1350 1350 0
37.307 1 COMMANDS 0,1584,6447,0
37.308 1 NAVIGATION 4 1 -30 116 0. 14484.9
37.308 1 ATTITUDE 0.58221 -2.684316 -0.226669
37.339 1 GPS 3 37012434 184735837 2136 33406 34 110 431920498 55 0
37.387 1 FBW_STATUS 2 1 121
37.419 1 ESTIMATOR 334.265961 0.025487
37.420 1 GPS_SOL 534 275 224 6
37.515 1 WP_MOVED 15 370023.6875 1847537.25 470. 55
37.547 1 NAVIGATION 4 1 -30 116 0. 14482.9
37.595 1 GPS 3 37012436 184735853 2222 33389 24 99 431920750 55 0
37.596 1 SVINFO 3 10 13 7 37 32 320
37.802 1 DOWNLINK_STATUS 44 20054 1025 1 423. 21. -4934.27
37.803 1 NAVIGATION 4 1 -30 116 0. 14510.1
37.851 1 ATTITUDE 0.606599 -2.405064 -0.258201
37.851 1 CIRCLE -50 272 75
37.852 1 DL_VALUE 9 -0.05
37.853 1 GPS 3 37012437 184735857 2320 33376 17 98 431920998 55 0
37.931 1 ESTIMATOR 334.041687 -0.135792
37.932 1 DESIRED 0.32 0.15 5.4 -115. 188. 470. 2.
38.027 1 WP_MOVED 16 370496. 1847326.875 470. 55
38.028 1 IR_SENSORS 53 20 -24 54 90
38.046 1 NAVIGATION 4 1 -30 116 0. 14539.3
38.091 1 GPS 3 37012441 184735864 2215 33366 17 92 431921250 55 0
38.219 1 BAT 0 121 0 1 1351 1351 0
38.299 1 COMMANDS 0,2203,7164,0
38.315 1 NAVIGATION 4 1 -30 116 0. 14537.4
38.315 1 ATTITUDE 0.58221 -2.417281 -0.289232
38.347 1 GPS 3 37012441 184735864 2253 33345 16 71 431921498 55 0
38.348 1 SVINFO 6 15 13 7 41 26 236
38.395 1 FBW_STATUS 2 1 121
38.411 1 ESTIMATOR 333.743622 -0.293326
38.523 1 WP_MOVED 0 370197. 1847284. 470. 55
38.555 1 NAVIGATION 4 1 -30 116 0. 14537.4
38.586 1 GPS 3 37012445 184735864 2355 33322 24 75 431921750 55 0
38.618 1 CALIBRATION 0. 1
38.714 1 DOWNLINK 0 442 32942
38.794 1 NAVIGATION 4 1 -30 116 0. 14535.5
38.806 1 DOWNLINK_STATUS 45 20533 1050 1 479. 25. -4934.27
38.842 1 ATTITUDE 0.575244 -2.172935 -0.242255
38.843 1 GPS 3 37012452 184735858 2399 33306 9 81 431921998 55 0
38.858 1 CIRCLE -50 272 75
38.906 1 ESTIMATOR 333.338531 -0.46786
38.970 1 DESIRED 0.28 0.15 5.4 -115. 188. 470. 2.
39.018 1 WP_MOVED 1 370155. 1847242. 470. 55
39.050 1 NAVIGATION 4 1 -30 116 0. 14529.7
39.082 1 PONG 
39.082 1 GPS 3 37012457 184735861 2365 33290 31 83 431922250 55 0
39.210 1 IR_SENSORS 46 21 -18 50 90
39.306 1 COMMANDS 0,2136,6240,0
39.307 1 NAVIGATION 4 1 -30 116 0. 14527.8
39.367 1 ATTITUDE 0.543941 -2.155482 -0.203281
39.368 1 BAT 0 121 0 1 1353 1353 0
39.368 1 DL_VALUE 10 0.008
39.369 1 GPS 3 37012454 184735864 2326 33280 29 95 431922498 55 0
39.370 1 SVINFO 7 25 13 4 30 12 45
39.399 1 FBW_STATUS 2 1 121
39.415 1 ESTIMATOR 332.942169 -0.576069
39.415 1 GPS_SOL 534 278 224 6
39.511 1 WP_MOVED 2 370104.59375 1847514.25 470. 55
39.543 1 NAVIGATION 4 1 -30 116 0. 14529.7
39.575 1 GPS 3 37012446 184735864 2304 33270 8 78 431922750 55 0
39.799 1 NAVIGATION 4 1 -30 116 0. 14533.5
39.810 1 DOWNLINK_STATUS 46 20993 1074 1 460. 24. 80.35
39.831 1 ATTITUDE 0.560823 -2.261947 -0.149897
39.847 1 GPS 3 37012446 184735862 2200 33254 18 76 431922998 55 0
39.911 1 ESTIMATOR 332.598633 -0.613506
39.927 1 CIRCLE -50 272 75
40.052 1 WP_MOVED 3 370252.6875 1847348.25 470. 55
40.053 1 DESIRED 0.29 0.15 5.4 -115. 188. 470. 2.
40.053 1 NAVIGATION_REF 370155 1847242 55
40.054 1 NAVIGATION 4 1 -30 116 0. 14533.5
40.084 1 GPS 3 37012450 184735857 2122 33240 11 72 431923250 55 0
40.308 1 COMMANDS 0,1747,5151,0
40.308 1 NAVIGATION 4 1 -30 116 0. 14531.6
40.309 1 ATTITUDE 0.565549 -2.579597 -0.140552
40.340 1 GPS 3 37012451 184735851 2080 33234 26 91 431923498 55 0
40.388 1 FBW_STATUS 2 1 121
40.420 1 ESTIMATOR 332.294556 -0.609772
40.436 1 BAT 0 121 0 1 1354 1354 0
40.436 1 IR_SENSORS 42 27 -11 51 90
40.500 1 ACTUATORS 1100,0,1729,1500,1437,0,1437
40.516 1 WP_MOVED 4 369815.1875 1847457.375 470. 55
40.548 1 NAVIGATION 4 1 -30 116 0. 14502.5
40.580 1 GPS 3 37012451 184735849 2151 33225 11 75 431923750 55 0
40.708 1 CALIBRATION 0. 1
40.804 1 NAVIGATION 4 1 -30 116 0. 14502.5
40.810 1 DOWNLINK_STATUS 47 21452 1097 1 459. 23. 80.35
40.836 1 ATTITUDE 0.565549 -2.528982 -0.140552
40.836 1 DL_VALUE 0 470.
40.852 1 GPS 3 37012456 184735841 2102 33215 18 74 431923998 55 0
40.916 1 ESTIMATOR 332.060486 -0.561357
40.964 1 CIRCLE -50 272 75
41.012 1 WP_MOVED 5 370218.8125 1847562.625 470. 55
41.044 1 NAVIGATION 4 1 -30 116 0. 14469.6
41.105 1 DESIRED 0.37 0.15 5.4 -115. 188. 470. 2.
41.106 1 GPS 3 37012460 184735844 2174 33200 21 57 431924250 55 0
41.297 1 COMMANDS 0,1537,5162,0
41.313 1 NAVIGATION 4 1 -30 116 0. 14496.8
41.314 1 ATTITUDE 0.569146 -2.488839 -0.139112
41.329 1 GPS 3 37012461 184735854 2153 33184 7 62 431924498 55 0
41.393 1 FBW_STATUS 2 1 121
41.425 1 ESTIMATOR 331.815796 -0.537703
41.426 1 GPS_SOL 534 276 224 6
41.524 1 WP_MOVED 6 370351.6875 1847259.75 470. 55
41.525 1 BAT 0 121 0 1 1355 1355 0
41.562 1 NAVIGATION 4 1 -30 116 0. 14494.9
41.585 1 GPS 3 37012460 184735870 2200 33162 10 42 431924750 55 0
41.586 1 SVINFO 3 10 13 7 36 32 320
41.617 1 IR_SENSORS 44 27 -12 53 91
41.713 1 ALIVE 57,202,48,189,62,233,192,56,165,208,104,218,123,55,64,53
41.793 1 NAVIGATION 4 1 -30 116 0. 14555.1
41.813 1 DOWNLINK_STATUS 48 21929 1121 1 477. 24. 80.35
41.869 1 ATTITUDE 0.547108 -2.443461 -0.134973
41.869 1 PPRZ_MODE 2 3 3 2 0 6
41.869 1 GPS 3 37012458 184735882 2160 33142 27 44 431924998 55 0
41.870 1 SVINFO 4 7 13 7 37 26 61
41.870 1 SVINFO 7 25 13 4 28 12 45
41.916 1 ESTIMATOR 331.496643 -0.572692
42.028 1 WP_MOVED 7 370352.5 1847557.25 470. 55
42.028 1 CIRCLE -50 272 75
42.044 1 NAVIGATION 4 1 -30 116 0. 14584.3
42.076 1 GPS 3 37012457 184735888 2151 33115 10 28 431925250 55 0
42.124 1 DESIRED 0.35 0.15 5.4 -115. 188. 470. 2.
42.300 1 COMMANDS 0,1159,5159,0
42.316 1 NAVIGATION 4 1 -30 116 0. 14586.2
42.348 1 ATTITUDE 0.509599 -2.528982 -0.138566
42.348 1 DL_VALUE 1 0.
42.349 1 GPS 3 37012453 184735898 2217 33095 23 24 431925498 55 0
42.364 1 SVINFO 6 15 13 7 42 26 237
42.396 1 FBW_STATUS 2 1 121
42.412 1 ESTIMATOR 331.088562 -0.655243
42.524 1 WP_MOVED 8 369720.90625 1847611.25 470. 55
42.556 1 NAVIGATION 4 1 -30 117 0. 14617.3
42.588 1 GPS 3 37012447 184735915 2140 33073 28 21 431925750 55 0
42.589 1 SVINFO 7 25 13 4 29 12 45
42.620 1 BAT 0 121 0 1 1356 1356 0
42.796 1 NAVIGATION 4 1 -30 117 0. 14650.4
42.813 1 DOWNLINK_STATUS 49 22404 1146 1 475. 25. 80.35
42.844 1 ATTITUDE 0.458618 -2.548181 -0.12092
42.844 1 IR_SENSORS 36 21 -11 42 97
42.845 1 CALIBRATION 0. 1
42.860 1 GPS 3 37012441 184735928 2206 33049 28 5 431925998 55 0
42.908 1 ESTIMATOR 330.638306 -0.738798
43.022 1 WP_MOVED 9 369613.6875 1847322.375 470. 55
43.052 1 NAVIGATION 4 1 -30 117 0. 14683.5
43.084 1 CIRCLE -50 272 75
43.084 1 GPS 3 37012439 184735933 2161 33027 15 -5 431926250 55 0
43.181 1 DESIRED 0.33 0.15 5.4 -115. 188. 470. 2.
43.308 1 COMMANDS 0,770,4499,0
43.308 1 NAVIGATION 4 1 -30 117 0. 14714.8
43.309 1 ATTITUDE 0.426909 -2.511529 -0.101477
43.340 1 GPS 3 37012432 184735940 2264 32999 18 -17 431926498 55 0
43.388 1 FBW_STATUS 2 1 121
43.420 1 ESTIMATOR 330.146698 -0.822469
43.420 1 GPS_SOL 533 263 224 6
43.522 1 WP_MOVED 10 370104.09375 1847401.25 470. 55
43.548 1 NAVIGATION 4 1 -30 117 0. 14718.6
43.580 1 GPS 3 37012418 184735946 2213 32982 7 -28 431926750 55 0
43.708 1 BAT 0 121 0 1 1357 1357 0
43.804 1 NAVIGATION 4 1 -30 117 0. 14755.7
43.814 1 DOWNLINK_STATUS 50 22844 1168 1 440. 22. 80.35
43.836 1 ATTITUDE 0.440048 -2.420772 -0.118657
43.852 1 DL_VALUE 2 0.
43.852 1 DOWNLINK 0 464 33064
43.853 1 GPS 3 37012412 184735953 2193 32961 9 -37 431926998 55 0
43.916 1 ESTIMATOR 329.671295 -0.865459
44.028 1 WP_MOVED 11 369922.6875 1847503.125 470. 55
44.029 1 IR_SENSORS 33 18 -11 38 87
44.044 1 NAVIGATION 4 1 -30 117 0. 14759.5
44.076 1 PONG 
44.092 1 GPS 3 37012405 184735954 2202 32951 15 -30 431927250 55 0
44.108 1 CIRCLE -50 272 75
44.219 1 DESIRED 0.33 0.15 5.4 -115. 188. 470. 2.
44.299 1 COMMANDS 0,1122,5100,0
44.315 1 NAVIGATION 4 1 -30 117 0. 14763.4
44.316 1 ATTITUDE 0.474832 -2.43997 -0.138211
44.331 1 GPS 3 37012396 184735960 2259 32947 12 -31 431927498 55 0
44.395 1 FBW_STATUS 2 1 121
44.411 1 ESTIMATOR 329.316681 -0.809557
44.526 1 WP_MOVED 12 370245.8125 1847206.75 470. 55
44.555 1 NAVIGATION 4 1 -31 117 0. 14798.6
44.587 1 GPS 3 37012396 184735963 2214 32939 17 -24 431927750 55 0
44.795 1 NAVIGATION 4 1 -31 117 0. 14798.6
44.818 1 DOWNLINK_STATUS 51 23266 1190 1 422. 22. 74.79
44.857 1 ATTITUDE 0.508572 -2.419026 -0.158746
44.859 1 BAT 0 121 0 1 1358 1358 0
44.859 1 GPS 3 37012395 184735967 2268 32931 21 -42 431927998 55 0
44.921 1 ESTIMATOR 329.0896 -0.68824
44.921 1 CALIBRATION 0. 1
45.017 1 WP_MOVED 13 369892.6875 1847341.25 50. 55
45.049 1 NAVIGATION 4 1 -31 117 0. 14800.5
45.097 1 GPS 3 37012396 184735974 2314 32917 8 -33 431928250 55 0
45.098 1 SVINFO 1 2 13 7 43 66 352
45.161 1 CIRCLE -50 272 75
45.209 1 IR_SENSORS 34 18 -12 39 81
45.273 1 DESIRED 0.31 0.15 5.4 -116. 188. 470. 2.
45.305 1 COMMANDS 0,1404,5495,0
45.306 1 NAVIGATION 4 1 -31 117 0. 14828.
45.363 1 ATTITUDE 0.493946 -2.244493 -0.15331
45.363 1 DL_VALUE 3 0.
45.364 1 GPS 3 37012392 184735984 2329 32906 7 -35 431928498 55 0
45.365 1 SVINFO 2 8 13 7 34 44 106
45.395 1 FBW_STATUS 2 1 121
45.427 1 ESTIMATOR 328.894135 -0.587575
45.427 1 GPS_SOL 532 268 224 6
45.507 1 ACTUATORS 1100,0,1743,1500,1436,0,1436
45.531 1 WP_MOVED 14 370231.59375 1847282.625 470. 55
45.555 1 NAVIGATION 4 1 -31 117 0. 14861.3
45.571 1 GPS 3 37012391 184735986 2254 32899 15 -36 431928750 55 0
45.795 1 NAVIGATION 4 1 -31 117 0. 14861.3
45.822 1 DOWNLINK_STATUS 52 23766 1216 1 500. 26. 74.79
45.843 1 ATTITUDE 0.48467 -2.349213 -0.149897
45.844 1 GPS 3 37012388 184735996 2309 32895 1 -33 431928998 55 0
45.923 1 ESTIMATOR 328.756561 -0.480943
45.923 1 BAT 0 121 0 1 1359 1359 0
46.019 1 WP_MOVED 15 370023.6875 1847537.25 470. 55
46.051 1 NAVIGATION 4 1 -31 118 0. 14892.8
46.083 1 GPS 3 37012373 184736002 2275 32895 25 -41 431929250 55 0
46.211 1 CIRCLE -50 272 75
46.307 1 COMMANDS 0,1398,5368,0
46.307 1 NAVIGATION 4 1 -31 118 0. 14902.5
46.365 1 ATTITUDE 0.477581 -2.312562 -0.158746
46.366 1 DESIRED 0.3 0.15 5.4 -116. 189. 470. 2.
46.366 1 GPS 3 37012366 184736012 2364 32889 28 -42 431929498 55 0
46.397 1 FBW_STATUS 2 1 121
46.413 1 ESTIMATOR 328.696075 -0.359384
46.429 1 IR_SENSORS 33 16 -12 36 78
46.509 1 WP_MOVED 16 370496. 1847326.875 470. 55
46.557 1 NAVIGATION 4 1 -31 118 0. 14935.9
46.573 1 GPS 3 37012366 184736016 2296 32878 20 -31 431929750 55 0
46.717 1 ALIVE 57,202,48,189,62,233,192,56,165,208,104,218,123,55,64,53
46.797 1 NAVIGATION 4 1 -31 118 0. 14935.9
46.826 1 DOWNLINK_STATUS 53 24201 1237 1 435. 21. 74.79
46.856 1 ATTITUDE 0.503066 -2.275909 -0.164602
46.856 1 DL_VALUE 4 75.
46.857 1 PPRZ_MODE 2 3 3 2 0 6
46.858 1 GPS 3 37012360 184736019 2315 32863 16 -30 431929998 55 0
46.920 1 ESTIMATOR 328.589874 -0.311542
47.032 1 WP_MOVED 0 370197. 1847284. 470. 55
47.043 1 BAT 0 121 0 1 1360 1360 0
47.043 1 CALIBRATION 0. 1
47.048 1 NAVIGATION 4 1 -31 118 0. 14969.4
47.080 1 GPS 3 37012355 184736021 2237 32855 14 -18 431930250 55 0
47.256 1 CIRCLE -50 272 75
47.304 1 COMMANDS 0,1808,5632,0
47.304 1 NAVIGATION 4 1 -31 118 0. 14971.4
47.305 1 ATTITUDE 0.518967 -2.378884 -0.166655
47.336 1 GPS 3 37012353 184736020 2205 32857 17 -22 431930498 55 0
47.368 1 DESIRED 0.32 0.15 5.4 -116. 189. 470. 2.
47.400 1 FBW_STATUS 2 1 121
47.416 1 ESTIMATOR 328.481323 -0.277934
47.416 1 GPS_SOL 530 261 224 6
47.512 1 WP_MOVED 1 370155. 1847242. 470. 55
47.544 1 NAVIGATION 4 1 -31 118 0. 14973.3
47.576 1 GPS 3 37012342 184736020 2171 32867 27 -9 431930750 55 0
47.608 1 IR_SENSORS 34 16 -13 37 73
47.800 1 NAVIGATION 4 1 -31 118 0. 14981.2
47.826 1 DOWNLINK_STATUS 54 24664 1261 1 463. 24. 74.79
47.832 1 ATTITUDE 0.524697 -2.494076 -0.186631
47.848 1 GPS 3 37012335 184736025 2221 32872 11 -6 431930998 55 0
47.912 1 ESTIMATOR 328.510101 -0.16332
48.024 1 WP_MOVED 2 370104.59375 1847514.25 470. 55
48.056 1 NAVIGATION 4 1 -31 118 0. 14985.2
48.088 1 GPS 3 37012327 184736026 2293 32867 30 -29 431931250 55 0
48.120 1 BAT 0 121 0 1 1361 1361 0
48.312 1 COMMANDS 0,1169,5506,0
48.313 1 NAVIGATION 4 1 -31 118 0. 14989.1
48.344 1 ATTITUDE 0.479762 -2.281146 -0.173149
48.344 1 CIRCLE -50 272 75
48.345 1 DL_VALUE 5 2.
48.360 1 GPS 3 37012325 184736023 2213 32866 12 13 431931498 55 0
48.392 1 FBW_STATUS 2 1 121
48.424 1 ESTIMATOR 328.541473 -0.087142
48.440 1 DESIRED 0.3 0.15 5.4 -116. 189. 470. 2.
48.520 1 WP_MOVED 3 370252.6875 1847348.25 470. 55
48.552 1 NAVIGATION 4 1 -31 118 0. 14991.1
48.584 1 GPS 3 37012321 184736019 2282 32868 12 -13 431931750 55 0
48.808 1 NAVIGATION 4 1 -31 118 0. 14993.1
48.826 1 DOWNLINK_STATUS 55 25071 1281 1 407. 20. 74.79
48.855 1 ATTITUDE 0.459646 -2.300344 -0.190168
48.855 1 IR_SENSORS 32 13 -14 33 76
48.856 1 GPS 3 37012322 184736017 2351 32864 27 3 431931998 55 0
48.919 1 ESTIMATOR 328.576141 -0.035229
48.919 1 DOWNLINK 0 446 33179
49.015 1 WP_MOVED 4 369815.1875 1847457.375 470. 55
49.031 1 NAVIGATION_REF 370155 1847242 55
49.050 1 NAVIGATION 4 1 -31 118 0. 14963.6
49.079 1 GPS 3 37012319 184736012 2271 32872 19 19 431932250 55 0
49.079 1 PONG 
49.111 1 CALIBRATION 0. 1
49.223 1 BAT 0 121 0 1 1362 1362 0
49.303 1 COMMANDS 0,1859,5918,0
49.303 1 NAVIGATION 4 1 -31 118 0. 14965.6
49.319 1 ATTITUDE 0.524118 -2.319542 -0.177413
49.335 1 GPS 3 37012315 184736006 2212 32879 15 39 431932498 55 0
49.367 1 CIRCLE -50 272 75
49.398 1 FBW_STATUS 2 1 121
49.415 1 ESTIMATOR 328.660004 0.034252
49.415 1 GPS_SOL 529 261 224 6
49.479 1 DESIRED 0.31 0.15 5.4 -116. 189. 470. 2.
49.511 1 WP_MOVED 5 370218.8125 1847562.625 470. 55
49.543 1 NAVIGATION 4 1 -31 118 0. 14938.
49.575 1 GPS 3 37012311 184736008 2274 32879 21 7 431932750 55 0
49.799 1 NAVIGATION 4 1 -31 118 0. 14969.5
49.830 1 DOWNLINK_STATUS 56 25543 1306 1 472. 25. 73.76
49.850 1 ATTITUDE 0.513648 -2.314307 -0.173149
49.851 1 DL_VALUE 6 0.
49.851 1 GPS 3 37012309 184736010 2331 32875 27 15 431932998 55 0
49.910 1 ESTIMATOR 328.726654 0.066327
50.022 1 WP_MOVED 6 370351.6875 1847259.75 470. 55
50.022 1 IR_SENSORS 35 16 -14 38 79
50.058 1 NAVIGATION 4 1 -31 118 0. 14971.5
50.090 1 GPS 3 37012309 184736010 2280 32878 39 57 431933250 55 0
50.310 1 COMMANDS 0,1501,5252,0
50.310 1 NAVIGATION 4 1 -31 118 0. 14971.5
50.342 1 ATTITUDE 0.478486 -2.303834 -0.191111
50.342 1 BAT 0 121 0 1 1364 1364 0
50.358 1 GPS 3 37012310 184735996 2240 32886 15 73 431933498 55 0
50.390 1 FBW_STATUS 2 1 121
50.422 1 ESTIMATOR 328.796722 0.092322
50.422 1 CIRCLE -50 272 75
50.502 1 ACTUATORS 1100,0,1753,1500,1450,0,1450
50.534 1 WP_MOVED 7 370352.5 1847557.25 470. 55
50.535 1 DESIRED 0.3 0.15 5.4 -116. 189. 470. 2.
50.550 1 NAVIGATION 4 1 -31 118 0. 14942.
50.582 1 GPS 3 37012314 184735987 2230 32897 7 49 431933750 55 0
50.598 1 SVINFO 7 25 13 4 30 12 45
50.806 1 NAVIGATION 4 1 -31 117 0. 14910.5
50.822 1 ATTITUDE 0.464906 -2.391101 -0.184709
50.834 1 DOWNLINK_STATUS 57 26019 1330 1 476. 24. 73.76
50.838 1 GPS 3 37012321 184735980 2164 32918 27 64 431933998 55 0
50.918 1 ESTIMATOR 328.973419 0.183472
51.014 1 WP_MOVED 8 369720.90625 1847611.25 470. 55
51.046 1 NAVIGATION 4 1 -31 117 0. 14875.1
51.078 1 GPS 3 37012324 184735980 2099 32933 26 85 431934250 55 0
51.222 1 IR_SENSORS 34 15 -14 36 82
51.222 1 CALIBRATION 0. 1
51.302 1 COMMANDS 0,919,5583,0
51.302 1 NAVIGATION 4 1 -31 117 0. 14873.1
51.318 1 ATTITUDE 0.468224 -2.619739 -0.179149
51.318 1 DL_VALUE 7 1.
51.398 1 FBW_STATUS 2 1 121
51.430 1 ESTIMATOR 329.264343 0.319399
51.430 1 BAT 0 121 0 1 1365 1365 0
51.431 1 GPS_SOL 528 260 224 6
51.462 1 CIRCLE -50 272 75
51.510 1 WP_MOVED 9 369613.6875 1847322.375 470. 55
51.542 1 NAVIGATION 4 1 -31 117 0. 14867.2
51.603 1 DESIRED 0.39 0.15 5.4 -116. 189. 470. 2.
51.604 1 GPS 3 37012329 184735984 2158 32972 17 82 431934750 55 0
51.715 1 ALIVE 57,202,48,189,62,233,192,56,165,208,104,218,123,55,64,53
51.795 1 NAVIGATION 4 1 -31 117 0. 14900.6
51.838 1 DOWNLINK_STATUS 58 26444 1352 1 425. 22. 73.76
51.843 1 ATTITUDE 0.468224 -2.516765 -0.20302
51.843 1 PPRZ_MODE 2 3 3 2 0 6
51.844 1 GPS 3 37012323 184735996 2169 32994 3 89 431934998 55 0
51.907 1 ESTIMATOR 329.658752 0.479197
52.019 1 WP_MOVED 10 370104.09375 1847401.25 470. 55
52.051 1 NAVIGATION 4 1 -31 118 0. 14934.
52.083 1 GPS 3 37012318 184736007 2137 33013 26 103 431935250 55 0
52.307 1 COMMANDS 0,1164,6698,0
52.307 1 NAVIGATION 4 1 -31 118 0. 14965.6
52.339 1 ATTITUDE 0.498723 -2.553417 -0.250072
52.340 1 GPS 3 37012304 184736012 2112 33028 20 102 431935498 55 0
52.387 1 FBW_STATUS 2 1 121
52.419 1 ESTIMATOR 330.089569 0.607612
52.419 1 IR_SENSORS 41 14 -20 41 81
52.531 1 WP_MOVED 11 369922.6875 1847503.125 470. 55
52.531 1 CIRCLE -50 272 75
52.532 1 BAT 0 121 0 1 1366 1366 0
52.547 1 NAVIGATION 4 1 -31 118 0. 14975.5
52.579 1 GPS 3 37012298 184736007 2092 33041 21 113 431935750 55 0
52.627 1 DESIRED 0.36 0.15 5.4 -116. 189. 470. 2.
52.803 1 NAVIGATION 4 1 -32 118 0. 14979.5
52.835 1 ATTITUDE 0.523356 -2.631957 -0.258709
52.835 1 DL_VALUE 8 0.
52.842 1 DOWNLINK_STATUS 59 26897 1375 1 453. 23. 73.76
52.851 1 GPS 3 37012294 184736005 2098 33054 4 129 431935998 55 0
52.915 1 ESTIMATOR 330.474854 0.661612
53.011 1 WP_MOVED 12 370245.8125 1847206.75 470. 55
53.043 1 NAVIGATION 4 1 -32 118 0. 14952.
53.091 1 GPS 3 37012293 184735998 2127 33072 10 138 431936250 55 0
53.299 1 COMMANDS 0,1293,6834,0
53.315 1 NAVIGATION 4 1 -32 118 0. 14952.
53.331 1 ATTITUDE 0.523126 -2.57087 -0.252979
53.347 1 CALIBRATION 0. 1
53.347 1 GPS 3 37012287 184735998 2167 33088 28 125 431936498 55 0
53.395 1 FBW_STATUS 2 1 121
53.427 1 ESTIMATOR 330.845612 0.688198
53.427 1 GPS_SOL 527 260 224 6
53.523 1 WP_MOVED 13 369892.6875 1847341.25 50. 55
53.563 1 NAVIGATION 4 1 -32 118 0. 14956.
53.587 1 CIRCLE -50 272 75
53.587 1 GPS 3 37012281 184735999 2134 33108 40 151 431936750 55 0
53.619 1 BAT 0 121 0 1 1367 1367 0
53.619 1 IR_SENSORS 44 17 -20 45 85
53.667 1 DESIRED 0.34 0.15 5.4 -116. 189. 470. 2.
53.795 1 NAVIGATION 4 1 -32 118 0. 14960.
53.843 1 ATTITUDE 0.555099 -2.558653 -0.239091
53.844 1 GPS 3 37012275 184736002 2161 33129 8 144 431936998 55 0
53.844 1 DOWNLINK_STATUS 60 27368 1398 1 471. 23. 73.76
53.923 1 ESTIMATOR 331.232758 0.717767
54.019 1 WP_MOVED 14 370231.59375 1847282.625 470. 55
54.019 1 DOWNLINK 0 447 33295
54.051 1 NAVIGATION 4 1 -32 118 0. 14964.1
54.111 1 GPS 3 37012268 184735999 2111 33155 25 161 431937250 55 0
54.111 1 PONG 
54.322 1 COMMANDS 0,1487,6511,0
54.322 1 NAVIGATION 4 1 -32 118 0. 14968.1
54.323 1 ATTITUDE 0.540547 -2.598795 -0.231477
54.324 1 DL_VALUE 9 -0.05
54.338 1 GPS 3 37012267 184736001 2091 33169 7 169 431937498 55 0
54.386 1 FBW_STATUS 2 1 121
54.417 1 ESTIMATOR 331.652222 0.75743
54.514 1 WP_MOVED 15 370023.6875 1847537.25 470. 55
54.546 1 NAVIGATION 4 1 -32 118 0. 14970.1
54.578 1 GPS 3 37012266 184736002 2159 33181 36 132 431937750 55 0
54.610 1 CIRCLE -50 272 75
54.738 1 DESIRED 0.37 0.15 5.4 -116. 189. 470. 2.
54.739 1 BAT 0 121 0 1 1368 1368 0
54.802 1 NAVIGATION 4 1 -32 118 0. 14970.1
54.834 1 ATTITUDE 0.540547 -2.515019 -0.242255
54.846 1 DOWNLINK_STATUS 61 27761 1419 1 393. 21. 71.36
54.850 1 IR_SENSORS 46 17 -21 47 88
54.850 1 GPS 3 37012260 184736007 2223 33199 13 151 431937998 55 0
54.914 1 ESTIMATOR 332.011902 0.7445
55.010 1 WP_MOVED 16 370496. 1847326.875 470. 55
55.042 1 NAVIGATION 4 1 -32 118 0. 15003.7
55.090 1 GPS 3 37012268 184736003 2174 33223 42 177 431938250 55 0
55.298 1 COMMANDS 0,1658,6303,0
55.314 1 NAVIGATION 4 1 -32 118 0. 14968.1
55.314 1 ATTITUDE 0.546044 -2.488839 -0.261266
55.330 1 GPS 3 37012269 184735999 2144 33250 46 187 431938498 55 0
55.394 1 FBW_STATUS 2 1 121
55.426 1 ESTIMATOR 332.424316 0.77309
55.426 1 GPS_SOL 526 262 224 6
55.427 1 CALIBRATION 0. 1
55.506 1 ACTUATORS 1100,0,1810,1500,1437,0,1437
55.522 1 WP_MOVED 0 370197. 1847284. 470. 55
55.554 1 NAVIGATION 4 1 -32 118 0. 14968.1
55.594 1 GPS 3 37012266 184735997 2154 33264 10 154 431938750 55 0
55.665 1 CIRCLE -50 272 75
55.777 1 DESIRED 0.35 0.15 5.4 -116. 189. 470. 2.
55.793 1 NAVIGATION 4 1 -32 118 0. 14970.1
55.841 1 ATTITUDE 0.536899 -2.523746 -0.261266
55.842 1 BAT 0 121 0 1 1369 1369 0
55.842 1 DL_VALUE 10 0.008
55.850 1 DOWNLINK_STATUS 62 28233 1443 1 472. 24. 71.36
55.857 1 GPS 3 37012264 184735997 2121 33283 34 177 431938998 55 0
55.905 1 ESTIMATOR 332.821564 0.780201
56.017 1 WP_MOVED 1 370155. 1847242. 470. 55
56.018 1 IR_SENSORS 45 15 -22 45 84
56.049 1 NAVIGATION 4 1 -32 118 0. 14972.1
56.081 1 GPS 3 37012261 184735995 2078 33297 13 174 431939250 55 0
56.305 1 COMMANDS 0,1349,7302,0
56.306 1 NAVIGATION 4 1 -32 118 0. 14972.1
56.306 1 ATTITUDE 0.541809 -2.656391 -0.2863
56.337 1 GPS 3 37012260 184736001 2190 33306 17 161 431939498 55 0
56.385 1 FBW_STATUS 2 1 121
56.417 1 ESTIMATOR 333.157959 0.742108
56.513 1 WP_MOVED 2 370104.59375 1847514.25 470. 55
56.545 1 NAVIGATION 4 1 -32 118 0. 14974.2
56.577 1 GPS 3 37012273 184735998 2138 33313 35 178 431939750 55 0
56.721 1 CIRCLE -50 272 75
56.721 1 ALIVE 57,202,48,189,62,233,192,56,165,208,104,218,123,55,64,53
56.801 1 NAVIGATION 4 1 -32 118 0. 14966.1
56.849 1 ATTITUDE 0.528352 -2.551672 -0.307366
56.850 1 DESIRED 0.36 0.15 5.4 -116. 189. 470. 2.
56.850 1 DOWNLINK_STATUS 63 28650 1463 1 417. 20. 71.36
56.865 1 PPRZ_MODE 2 3 3 2 0 6
56.866 1 GPS 3 37012280 184735991 2114 33317 9 173 431939998 55 0
56.913 1 ESTIMATOR 333.377197 0.637601
56.929 1 BAT 0 121 0 1 1370 1370 0
57.009 1 WP_MOVED 3 370252.6875 1847348.25 470. 55
57.057 1 NAVIGATION 4 1 -32 117 0. 14930.6
57.089 1 GPS 3 37012284 184735986 2148 33323 8 157 431940250 55 0
57.217 1 IR_SENSORS 42 7 -26 36 76
57.297 1 COMMANDS 0,998,8538,0
57.313 1 NAVIGATION 4 1 -32 117 0. 14928.5
57.314 1 ATTITUDE 0.49752 -2.534218 -0.353556
57.314 1 DL_VALUE 0 470.
57.345 1 SVINFO 2 8 13 7 33 44 106
57.393 1 FBW_STATUS 2 1 121
57.425 1 ESTIMATOR 333.533966 0.529106
57.425 1 GPS_SOL 527 264 224 6
57.521 1 WP_MOVED 4 369815.1875 1847457.375 470. 55
57.522 1 CALIBRATION 0. 1
57.553 1 NAVIGATION 4 1 -32 117 0. 14924.5
57.592 1 GPS 3 37012296 184735983 2087 33343 7 164 431940750 55 0
57.763 1 CIRCLE -50 272 75
57.793 1 NAVIGATION 4 1 -32 117 0. 14920.5
57.809 1 ATTITUDE 0.439918 -2.640683 -0.374256
57.841 1 GPS 3 37012297 184735975 2050 33347 25 160 431940998 55 0
57.854 1 DOWNLINK_STATUS 64 29093 1487 1 443. 24. 71.36
57.873 1 DESIRED 0.37 0.15 5.4 -116. 189. 470. 2.
57.905 1 ESTIMATOR 333.64978 0.427786
58.033 1 WP_MOVED 5 370218.8125 1847562.625 470. 55
58.034 1 BAT 0 121 0 1 1371 1371 0
58.034 1 NAVIGATION_REF 370155 1847242 55
58.049 1 NAVIGATION 4 1 -32 117 0. 14891.1
58.081 1 GPS 3 37012295 184735974 2076 33352 14 140 431941250 55 0
58.305 1 COMMANDS 0,284,8556,0
58.306 1 NAVIGATION 4 1 -32 117 0. 14893.1
58.306 1 ATTITUDE 0.425961 -2.659882 -0.349356
58.337 1 GPS 3 37012289 184735975 2042 33362 13 161 431941498 55 0
58.385 1 FBW_STATUS 2 1 121
58.417 1 ESTIMATOR 333.738647 0.344077
58.417 1 IR_SENSORS 38 2 -27 30 76
58.513 1 WP_MOVED 6 370351.6875 1847259.75 470. 55
58.545 1 NAVIGATION 4 1 -32 117 0. 14897.1
58.593 1 GPS 3 37012287 184735982 2077 33374 8 126 431941750 55 0
58.594 1 SVINFO 7 25 13 4 29 12 45
58.801 1 NAVIGATION 4 1 -32 117 0. 14926.5
58.849 1 ATTITUDE 0.379326 -2.658136 -0.302937
58.849 1 CIRCLE -50 272 75
58.850 1 DL_VALUE 1 0.
58.851 1 GPS 3 37012284 184735990 2100 33383 6 146 431941998 55 0
58.858 1 DOWNLINK_STATUS 65 29545 1510 1 452. 23. 71.36
58.929 1 ESTIMATOR 333.867767 0.315481
58.930 1 DESIRED 0.38 0.15 5.4 -116. 189. 470. 2.
59.009 1 WP_MOVED 7 370352.5 1847557.25 470. 55
59.057 1 NAVIGATION 4 1 -32 117 0. 14928.5
59.089 1 GPS 3 37012287 184735998 2000 33392 23 125 431942250 55 0
59.089 1 PONG 
59.121 1 BAT 0 121 0 1 1372 1372 0
59.121 1 DOWNLINK 0 454 33413
59.297 1 COMMANDS 0,-9,6967,0
59.313 1 NAVIGATION 4 1 -32 118 0. 14956.
59.314 1 ATTITUDE 0.360998 -2.792527 -0.2863
59.329 1 GPS 3 37012286 184736010 1971 33393 7 132 431942498 55 0
59.393 1 FBW_STATUS 2 1 121
59.425 1 ESTIMATOR 333.99231 0.291878
59.425 1 GPS_SOL 528 265 224 6
59.521 1 WP_MOVED 8 369720.90625 1847611.25 470. 55
59.553 1 NAVIGATION 4 1 -32 118 0. 14985.5
59.585 1 GPS 3 37012284 184736018 2047 33386 45 85 431942750 55 0
59.624 1 IR_SENSORS 35 1 -25 27 87
59.624 1 CALIBRATION 0. 1
59.793 1 NAVIGATION 4 1 -32 118 0. 14987.5
59.841 1 ATTITUDE 0.3477 -2.710496 -0.295281
59.842 1 GPS 3 37012285 184736018 2115 33377 16 93 431942998 55 0
59.857 1 CIRCLE -50 272 75
59.858 1 DOWNLINK_STATUS 66 30002 1534 1 457. 24. 71.64
59.905 1 ESTIMATOR 333.985809 0.186569
59.969 1 DESIRED 0.39 0.15 5.4 -116. 189. 470. 2.
60.017 1 WP_MOVED 9 369613.6875 1847322.375 470. 55
60.049 1 NAVIGATION 4 1 -32 118 0. 14987.5
60.081 1 GPS 3 37012295 184736012 2090 33369 17 118 431943250 55 0
60.209 1 BAT 0 121 0 1 1373 1373 0
60.305 1 COMMANDS 0,263,7259,0
60.305 1 NAVIGATION 4 1 -32 118 0. 14981.5
60.337 1 ATTITUDE 0.391615 -2.635447 -0.289232
60.338 1 DL_VALUE 2 0.
60.353 1 GPS 3 37012293 184736012 2133 33369 19 110 431943498 55 0
60.385 1 FBW_STATUS 2 1 121
60.417 1 ESTIMATOR 333.88797 0.057849
60.497 1 ACTUATORS 1100,0,1828,1500,1488,0,1488
60.513 1 WP_MOVED 10 370104.09375 1847401.25 470. 55
60.545 1 NAVIGATION 4 1 -32 118 0. 14981.5
60.577 1 GPS 3 37012286 184736022 2101 33368 11 105 431943750 55 0
60.801 1 NAVIGATION 4 1 -32 118 0. 15015.1
60.833 1 ATTITUDE 0.430506 -2.616249 -0.329751
60.849 1 IR_SENSORS 45 4 -30 36 90
60.849 1 GPS 3 37012288 184736030 2101 33366 10 96 431943998 55 0
60.862 1 DOWNLINK_STATUS 67 30434 1555 1 432. 21. 71.64
60.913 1 ESTIMATOR 333.791595 -0.02663
60.913 1 CIRCLE -50 272 75
61.025 1 WP_MOVED 11 369922.6875 1847503.125 470. 55
61.041 1 DESIRED 0.37 0.15 5.4 -116. 189. 470. 2.
61.057 1 NAVIGATION 4 1 -32 118 0. 15015.1
61.089 1 GPS 3 37012288 184736039 2050 33355 3 111 431944250 55 0
61.090 1 SVINFO 1 2 13 7 42 66 352
61.296 1 COMMANDS 0,913,9046,0
61.312 1 NAVIGATION 4 1 -32 118 0. 15044.7
61.344 1 ATTITUDE 0.480949 -2.70526 -0.380554
61.360 1 BAT 0 121 0 1 1375 1375 0
61.361 1 GPS 3 37012281 184736049 2110 33363 34 73 431944498 55 0
61.361 1 SVINFO 2 8 13 7 34 44 106
61.392 1 FBW_STATUS 2 1 121
61.424 1 ESTIMATOR 333.68045 -0.090214
61.424 1 GPS_SOL 530 268 224 6
61.520 1 WP_MOVED 12 370245.8125 1847206.75 470. 55
61.552 1 NAVIGATION 4 1 -32 118 0. 15078.3
61.584 1 GPS 3 37012268 184736050 2100 33366 10 101 431944750 55 0
61.712 1 CALIBRATION 0. 1
61.728 1 ALIVE 57,202,48,189,62,233,192,56,165,208,104,218,123,55,64,53
61.792 1 NAVIGATION 4 1 -32 118 0. 15086.3
61.840 1 ATTITUDE 0.494419 -2.617994 -0.412892
61.840 1 DL_VALUE 3 0.
61.841 1 PPRZ_MODE 2 3 3 2 0 6
61.856 1 GPS 3 37012260 184736046 2132 33368 5 105 431944998 55 0
61.862 1 DOWNLINK_STATUS 68 30932 1581 1 498. 26. 71.64
61.904 1 ESTIMATOR 333.648376 -0.080616
61.968 1 CIRCLE -50 272 75
62.016 1 WP_MOVED 13 369892.6875 1847341.25 50. 55
62.032 1 IR_SENSORS 49 4 -33 39 84
62.048 1 NAVIGATION 4 1 -32 118 0. 15092.4
62.096 1 DESIRED 0.36 0.15 5.4 -116. 189. 470. 2.
62.097 1 GPS 3 37012257 184736038 2086 33363 12 75 431945250 55 0
62.305 1 COMMANDS 0,922,8151,0
62.305 1 NAVIGATION 4 1 -32 118 0. 15064.8
62.305 1 ATTITUDE 0.480167 -2.642428 -0.347293
62.336 1 GPS 3 37012255 184736023 2084 33360 27 99 431945498 55 0
62.384 1 FBW_STATUS 2 1 121
62.416 1 ESTIMATOR 333.606232 -0.082054
62.416 1 BAT 0 121 0 1 1376 1376 0
62.512 1 WP_MOVED 14 370231.59375 1847282.625 470. 55
62.544 1 NAVIGATION 4 1 -32 118 0. 15035.3
62.592 1 GPS 3 37012255 184736019 2041 33366 10 95 431945750 55 0
62.593 1 SVINFO 7 25 13 4 28 12 45
62.800 1 NAVIGATION 4 1 -32 118 0. 15035.3
62.816 1 ATTITUDE 0.504515 -2.720968 -0.3057
62.832 1 GPS 3 37012255 184736026 2058 33370 5 77 431945998 55 0
62.862 1 DOWNLINK_STATUS 69 31358 1602 1 426. 21. 71.64
62.912 1 ESTIMATOR 333.620819 -0.043631
63.024 1 WP_MOVED 15 370023.6875 1847537.25 470. 55
63.024 1 CIRCLE -50 272 75
63.056 1 NAVIGATION 4 1 -32 118 0. 15035.3
63.088 1 GPS 3 37012260 184736019 2019 33373 36 107 431946250 55 0
63.120 1 DESIRED 0.38 0.15 5.4 -116. 189. 470. 2.
63.233 1 IR_SENSORS 46 11 -26 42 88
63.312 1 COMMANDS 0,828,7776,0
63.312 1 NAVIGATION 4 1 -32 118 0. 15033.2
63.313 1 ATTITUDE 0.495301 -2.759366 -0.3057
63.314 1 DL_VALUE 4 75.
63.344 1 GPS 3 37012263 184736015 2077 33367 16 91 431946498 55 0
63.392 1 FBW_STATUS 2 1 121
63.424 1 ESTIMATOR 333.647675 -0.012134
63.424 1 GPS_SOL 532 268 224 6
63.520 1 WP_MOVED 16 370496. 1847326.875 470. 55
63.521 1 BAT 0 121 0 1 1377 1377 0
63.552 1 NAVIGATION 4 1 -32 118 0. 15001.7
63.584 1 GPS 3 37012262 184736016 2180 33360 15 85 431946750 55 0
63.792 1 NAVIGATION 4 1 -32 118 0. 15001.7
63.840 1 ATTITUDE 0.457631 -2.478368 -0.274252
63.840 1 CALIBRATION 0. 1
63.841 1 GPS 3 37012263 184736021 2138 33351 34 93 431946998 55 0
63.866 1 DOWNLINK_STATUS 70 31809 1625 1 451. 23. 71.64
63.904 1 ESTIMATOR 333.594025 -0.045774
64.016 1 WP_MOVED 0 370197. 1847284. 470. 55
64.064 1 NAVIGATION 4 1 -32 118 0. 15031.2
64.064 1 CIRCLE -50 272 75
64.096 1 GPS 3 37012256 184736035 2161 33344 7 74 431947250 55 0
64.097 1 PONG 
64.176 1 DESIRED 0.36 0.15 5.4 -116. 189. 470. 2.
64.208 1 DOWNLINK 0 442 33528
64.304 1 COMMANDS 0,1009,7190,0
64.304 1 NAVIGATION 4 1 -32 118 0. 15064.8
64.305 1 ATTITUDE 0.489843 -2.511529 -0.283189
64.336 1 GPS 3 37012253 184736044 2113 33344 34 96 431947498 55 0
64.400 1 FBW_STATUS 2 1 121
64.416 1 ESTIMATOR 333.500214 -0.092936
64.416 1 IR_SENSORS 44 12 -24 42 85
64.512 1 WP_MOVED 1 370155. 1847242. 470. 55
64.544 1 NAVIGATION 4 1 -32 118 0. 15096.5
64.576 1 GPS 3 37012248 184736049 2132 33347 6 83 431947750 55 0
64.608 1 BAT 0 121 0 1 1378 1378 0
64.800 1 NAVIGATION 4 1 -32 118 0. 15100.5
64.847 1 ATTITUDE 0.527665 -2.562143 -0.27226
64.848 1 DL_VALUE 5 2.
64.849 1 GPS 3 37012245 184736052 2113 33352 4 81 431947998 55 0
64.869 1 DOWNLINK_STATUS 71 32249 1648 1 440. 23. 75.43
64.911 1 ESTIMATOR 333.470673 -0.080108
65.008 1 WP_MOVED 2 370104.59375 1847514.25 470. 55
65.056 1 NAVIGATION 4 1 -32 118 0. 15102.6
65.088 1 GPS 3 37012237 184736059 2105 33353 15 92 431948250 55 0
65.104 1 CIRCLE -50 272 75
65.216 1 DESIRED 0.36 0.15 5.4 -116. 189. 470. 2.
65.312 1 COMMANDS 0,945,6608,0
65.313 1 NAVIGATION 4 1 -32 118 0. 15136.3
65.344 1 ATTITUDE 0.490396 -2.609267 -0.244849
65.345 1 GPS 3 37012226 184736067 2107 33363 7 96 431948498 55 0
65.392 1 FBW_STATUS 2 1 121
65.424 1 ESTIMATOR 333.505554 -0.027514
65.425 1 GPS_SOL 532 264 224 6
65.504 1 ACTUATORS 1100,0,1795,1500,1465,0,1465
65.520 1 WP_MOVED 3 370252.6875 1847348.25 470. 55
65.552 1 NAVIGATION 4 1 -32 118 0. 15144.5
65.584 1 GPS 3 37012222 184736075 2169 33370 33 89 431948750 55 0
65.593 1 SVINFO 3 10 13 7 37 32 320
65.616 1 IR_SENSORS 41 13 -21 40 87
65.712 1 BAT 0 121 0 1 1379 1379 0
65.792 1 NAVIGATION 4 1 -32 118 0. 15176.2
65.808 1 ATTITUDE 0.449515 -2.497566 -0.237232
65.840 1 GPS 3 37012212 184736085 2219 33385 24 115 431948998 55 0
65.870 1 DOWNLINK_STATUS 72 32713 1671 1 464. 23. 75.43
65.920 1 ESTIMATOR 333.640472 0.075142
65.921 1 CALIBRATION 0. 1
66.016 1 WP_MOVED 4 369815.1875 1847457.375 470. 55
66.048 1 NAVIGATION 4 1 -32 118 0. 15212.
66.080 1 GPS 3 37012215 184736088 2277 33392 27 88 431949250 55 0
66.160 1 CIRCLE -50 272 75
66.272 1 DESIRED 0.33 0.15 5.4 -116. 189. 470. 2.
66.304 1 COMMANDS 0,565,6659,0
66.305 1 NAVIGATION 4 1 -32 118 0. 15210.
66.336 1 ATTITUDE 0.400497 -2.309071 -0.240289
66.336 1 DL_VALUE 6 0.
66.352 1 GPS 3 37012220 184736093 2229 33395 7 89 431949498 55 0
66.400 1 FBW_STATUS 2 1 121
66.416 1 ESTIMATOR 333.816772 0.168086
66.512 1 WP_MOVED 5 370218.8125 1847562.625 470. 55
66.544 1 NAVIGATION 4 1 -32 118 0. 15207.9
66.592 1 GPS 3 37012231 184736095 2174 33407 30 101 431949750 55 0
66.593 1 SVINFO 7 25 13 4 29 12 45
66.720 1 ALIVE 57,202,48,189,62,233,192,56,165,208,104,218,123,55,64,53
66.800 1 NAVIGATION 4 1 -32 119 0. 15229.5
66.864 1 ATTITUDE 0.387622 -2.488839 -0.227795
66.864 1 BAT 0 121 0 1 1380 1380 0
66.864 1 IR_SENSORS 37 8 -21 33 94
66.864 1 PPRZ_MODE 2 3 3 2 0 6
66.865 1 GPS 3 37012237 184736098 2118 33416 32 102 431949998 55 0
66.874 1 DOWNLINK_STATUS 73 33196 1696 1 483. 25. 75.43
66.911 1 ESTIMATOR 334.024109 0.251477
67.022 1 WP_MOVED 6 370351.6875 1847259.75 470. 55
67.022 1 NAVIGATION_REF 370155 1847242 55
67.054 1 NAVIGATION 4 1 -32 119 0. 15225.4
67.086 1 GPS 3 37012236 184736111 2209 33415 11 93 431950250 55 0
67.214 1 CIRCLE -50 272 75
67.310 1 COMMANDS 0,6,5806,0
67.311 1 NAVIGATION 4 1 -32 119 0. 15255.2
67.342 1 ATTITUDE 0.371751 -2.427753 -0.226669
67.366 1 DESIRED 0.33 0.15 5.4 -116. 189. 470. 2.
67.366 1 GPS 3 37012236 184736122 2264 33413 30 76 431950498 55 0
67.390 1 FBW_STATUS 2 1 121
67.422 1 ESTIMATOR 334.159363 0.256107
67.422 1 GPS_SOL 531 266 224 6
67.518 1 WP_MOVED 7 370352.5 1847557.25 470. 55
67.550 1 NAVIGATION 4 1 -32 119 0. 15285.
67.582 1 GPS 3 37012237 184736127 2283 33409 10 78 431950750 55 0
67.806 1 NAVIGATION 4 1 -32 119 0. 15285.
67.838 1 ATTITUDE 0.359703 -2.298599 -0.214992
67.838 1 DL_VALUE 7 1.
67.854 1 GPS 3 37012241 184736133 2333 33402 20 89 431950998 55 0
67.878 1 DOWNLINK_STATUS 74 33617 1717 1 421. 21. 75.43
67.918 1 ESTIMATOR 334.18045 0.181818
67.918 1 BAT 0 121 0 1 1381 1381 0
68.030 1 WP_MOVED 8 369720.90625 1847611.25 470. 55
68.030 1 IR_SENSORS 37 6 -23 32 102
68.031 1 CALIBRATION 0. 1
68.046 1 NAVIGATION 4 1 -32 119 0. 15312.7
68.078 1 GPS 3 37012247 184736127 2281 33388 20 76 431951250 55 0
68.254 1 CIRCLE -50 272 75
68.302 1 COMMANDS 0,385,6388,0
68.302 1 NAVIGATION 4 1 -32 119 0. 15278.8
68.318 1 ATTITUDE 0.333421 -2.302089 -0.236925
68.334 1 GPS 3 37012254 184736127 2265 33381 10 78 431951498 55 0
68.366 1 DESIRED 0.3 0.15 5.4 -116. 189. 470. 2.
68.398 1 FBW_STATUS 2 1 121
68.414 1 ESTIMATOR 334.059113 0.037559
68.510 1 WP_MOVED 9 369613.6875 1847322.375 470. 55
68.554 1 NAVIGATION 4 1 -32 119 0. 15274.8
68.574 1 GPS 3 37012263 184736128 2201 33373 13 85 431951750 55 0
68.798 1 NAVIGATION 4 1 -32 119 0. 15268.7
68.814 1 ATTITUDE 0.31705 -2.441716 -0.248534
68.830 1 GPS 3 37012274 184736125 2255 33354 19 67 431951998 55 0
68.882 1 DOWNLINK_STATUS 75 34040 1738 1 423. 21. 75.43
68.910 1 ESTIMATOR 333.845978 -0.121628
69.022 1 WP_MOVED 10 370104.09375 1847401.25 470. 55
69.023 1 BAT 0 121 0 1 1382 1382 0
69.054 1 NAVIGATION 4 1 -32 119 0. 15260.6
69.093 1 GPS 3 37012275 184736124 2285 33352 16 68 431952250 55 0
69.094 1 PONG 
69.214 1 IR_SENSORS 42 -2 -33 30 102
69.310 1 COMMANDS 0,191,7568,0
69.310 1 NAVIGATION 4 1 -32 119 0. 15260.6
69.371 1 ATTITUDE 0.341457 -2.295108 -0.344675
69.371 1 CIRCLE -50 272 75
69.371 1 DL_VALUE 8 0.
69.371 1 DOWNLINK 0 450 33646
69.372 1 GPS 3 37012280 184736123 2264 33350 12 86 431952498 55 0
69.372 1 SVINFO 2 8 13 7 33 44 105
69.386 1 FBW_STATUS 2 1 121
69.449 1 ESTIMATOR 333.634399 -0.222172
69.450 1 DESIRED 0.3 0.15 5.4 -116. 189. 470. 2.
69.450 1 GPS_SOL 531 269 224 6
69.513 1 WP_MOVED 11 369922.6875 1847503.125 470. 55
69.545 1 NAVIGATION 4 1 -32 119 0. 15256.6
69.577 1 GPS 3 37012284 184736120 2295 33342 4 71 431952750 55 0
69.801 1 NAVIGATION 4 1 -32 119 0. 15254.6
69.817 1 ATTITUDE 0.362042 -2.277655 -0.405079
69.833 1 GPS 3 37012289 184736119 2276 33337 15 82 431952998 55 0
69.882 1 DOWNLINK_STATUS 76 34511 1763 1 471. 25. 71.92
69.913 1 ESTIMATOR 333.442291 -0.276223
70.009 1 WP_MOVED 12 370245.8125 1847206.75 470. 55
70.041 1 NAVIGATION 4 1 -32 119 0. 15252.6
70.089 1 GPS 3 37012285 184736109 2231 33333 31 87 431953250 55 0
70.121 1 BAT 0 121 0 1 1383 1383 0
70.121 1 CALIBRATION 0. 1
70.297 1 COMMANDS 0,372,8447,0
70.313 1 NAVIGATION 4 1 -32 119 0. 15224.8
70.314 1 ATTITUDE 0.362042 -2.389356 -0.377334
70.345 1 GPS 3 37012283 184736104 2216 33330 12 82 431953498 55 0
70.346 1 SVINFO 6 15 13 7 43 26 237
70.361 1 CIRCLE -50 272 75
70.393 1 FBW_STATUS 2 1 121
70.425 1 ESTIMATOR 333.292633 -0.283105
70.425 1 IR_SENSORS 45 -4 -36 30 93
70.473 1 DESIRED 0.32 0.15 5.4 -116. 189. 470. 2.
70.505 1 ACTUATORS 1100,0,1884,1500,1485,0,1485
70.521 1 WP_MOVED 13 369892.6875 1847341.25 50. 55
70.553 1 NAVIGATION 4 1 -32 119 0. 15195.
70.585 1 GPS 3 37012281 184736091 2194 33328 21 90 431953750 55 0
70.793 1 NAVIGATION 4 1 -32 118 0. 15167.3
70.841 1 ATTITUDE 0.388698 -2.453933 -0.396319
70.842 1 DL_VALUE 9 -0.05
70.842 1 GPS 3 37012272 184736085 2234 33335 23 93 431953998 55 0
70.886 1 DOWNLINK_STATUS 77 34980 1787 1 469. 24. 71.92
70.905 1 ESTIMATOR 333.220795 -0.233557
71.017 1 WP_MOVED 14 370231.59375 1847282.625 470. 55
71.049 1 NAVIGATION 4 1 -32 118 0. 15173.3
71.081 1 GPS 3 37012266 184736081 2300 33332 33 75 431954250 55 0
71.209 1 BAT 0 121 0 1 1384 1384 0
71.305 1 COMMANDS 0,606,9132,0
71.306 1 NAVIGATION 4 1 -32 118 0. 15147.7
71.306 1 ATTITUDE 0.399715 -2.268928 -0.418557
71.337 1 GPS 3 37012262 184736083 2350 33332 23 86 431954498 55 0
71.385 1 FBW_STATUS 2 1 121
71.417 1 ESTIMATOR 333.202362 -0.166627
71.433 1 CIRCLE -50 272 75
71.433 1 GPS_SOL 531 271 224 6
71.529 1 WP_MOVED 15 370023.6875 1847537.25 470. 55
71.530 1 DESIRED 0.29 0.15 5.4 -116. 189. 470. 2.
71.545 1 NAVIGATION 4 1 -32 118 0. 15179.4
71.577 1 GPS 3 37012267 184736081 2416 33333 21 76 431954750 55 0
71.609 1 IR_SENSORS 44 -3 -35 30 84
71.721 1 ALIVE 57,202,48,189,62,233,192,56,165,208,104,218,123,55,64,53
71.801 1 NAVIGATION 4 1 -32 118 0. 15147.7
71.833 1 ATTITUDE 0.389293 -2.06647 -0.388506
71.849 1 PPRZ_MODE 2 3 3 2 0 6
71.850 1 GPS 3 37012270 184736083 2467 33328 29 82 431954998 55 0
71.890 1 DOWNLINK_STATUS 78 35444 1810 1 464. 23. 71.92
71.913 1 ESTIMATOR 333.204712 -0.109537
72.009 1 WP_MOVED 16 370496. 1847326.875 470. 55
72.057 1 NAVIGATION 4 1 -32 118 0. 15175.4
72.089 1 GPS 3 37012274 184736074 2521 33335 14 85 431955250 55 0
72.217 1 CALIBRATION 0. 1
72.297 1 COMMANDS 0,1091,8168,0
72.313 1 NAVIGATION 4 1 -32 118 0. 15141.6
72.345 1 ATTITUDE 0.378553 -1.883211 -0.356771
72.345 1 BAT 0 121 0 1 1386 1386 0
72.346 1 DL_VALUE 10 0.008
72.361 1 GPS 3 37012275 184736066 2518 33342 11 86 431955498 55 0
72.393 1 FBW_STATUS 2 1 121
72.409 1 ESTIMATOR 333.267029 -0.029231
72.457 1 CIRCLE -50 272 75
72.521 1 WP_MOVED 0 370197. 1847284. 470. 55
72.553 1 NAVIGATION 4 1 -32 118 0. 15112.
72.585 1 DESIRED 0.21 0.15 5.4 -116. 189. 470. 2.
72.601 1 GPS 3 37012269 184736057 2477 33348 4 90 431955750 55 0
72.792 1 NAVIGATION 4 1 -32 118 0. 15116.
72.855 1 ATTITUDE 0.392296 -1.960005 -0.370544
72.856 1 IR_SENSORS 43 -1 -33 31 87
72.856 1 GPS 3 37012268 184736057 2451 33357 6 107 431955998 55 0
72.894 1 DOWNLINK_STATUS 79 35878 1832 1 434. 22. 71.92
72.903 1 ESTIMATOR 333.394257 0.067593
73.015 1 WP_MOVED 1 370155. 1847242. 470. 55
73.047 1 NAVIGATION 4 1 -32 118 0. 15116.
73.090 1 GPS 3 37012273 184736057 2514 33363 12 75 431956250 55 0
73.390 1 COMMANDS 0,1189,8616,0
73.390 1 NAVIGATION 4 1 -32 118 0. 15114.
73.390 1 ATTITUDE 0.397888 -1.895427 -0.384711
73.390 1 GPS 3 37012273 184736062 2545 33363 14 87 431956498 55 0
73.399 1 FBW_STATUS 2 1 121
73.431 1 ESTIMATOR 333.537079 0.14012
73.432 1 BAT 0 121 0 1 1387 1387 0
73.432 1 GPS_SOL 530 270 224 6
73.527 1 WP_MOVED 2 370104.59375 1847514.25 470. 55
73.527 1 CIRCLE -50 272 75
73.543 1 NAVIGATION 4 1 -32 118 0. 15114.
73.575 1 GPS 3 37012273 184736061 2574 33363 14 98 431956750 55 0
73.623 1 DESIRED 0.2 0.15 5.4 -116. 189. 470. 2.
73.799 1 NAVIGATION 4 1 -32 118 0. 15114.
73.831 1 ATTITUDE 0.411204 -1.790708 -0.398048
73.847 1 DL_VALUE 0 470.
73.847 1 GPS 3 37012273 184736056 2494 33371 24 115 431956998 55 0
73.898 1 DOWNLINK_STATUS 80 36302 1853 1 424. 21. 71.92
73.911 1 ESTIMATOR 333.649841 0.169606
74.023 1 WP_MOVED 3 370252.6875 1847348.25 470. 55
74.024 1 IR_SENSORS 49 -1 -37 36 88
74.151 1 NAVIGATION 4 1 -32 118 0. 15084.3
74.152 1 GPS 3 37012276 184736053 2451 33377 12 106 431957250 55 0
74.311 1 COMMANDS 0,1859,8945,0
74.312 1 NAVIGATION 4 1 -32 118 0. 15082.3
74.312 1 ATTITUDE 0.471419 -2.005383 -0.40034
74.312 1 CALIBRATION 0. 1
74.343 1 GPS 3 37012273 184736057 2512 33380 23 104 431957498 55 0
74.344 1 SVINFO 6 15 13 7 42 26 237
74.391 1 FBW_STATUS 2 1 121
74.423 1 ESTIMATOR 333.771576 0.194043
74.423 1 DOWNLINK 0 449 33762
74.519 1 WP_MOVED 4 369815.1875 1847457.375 470. 55
74.520 1 BAT 0 121 0 1 1388 1388 0
74.551 1 NAVIGATION 4 1 -32 118 0. 15114.
74.583 1 CIRCLE -50 272 75
74.583 1 GPS 3 37012275 184736055 2466 33377 10 130 431957750 55 0
74.679 1 DESIRED 0.22 0.15 5.4 -116. 189. 470. 2.
74.791 1 NAVIGATION 4 1 -32 118 0. 15082.3
74.839 1 ATTITUDE 0.527665 -1.979203 -0.398607
74.839 1 GPS 3 37012280 184736053 2378 33388 21 145 431957998 55 0
74.898 1 DOWNLINK_STATUS 81 36750 1876 1 448. 23. -4929.
74.919 1 ESTIMATOR 333.859802 0.189451
75.015 1 WP_MOVED 5 370218.8125 1847562.625 470. 55
75.047 1 NAVIGATION 4 1 -32 118 0. 15078.3
75.079 1 GPS 3 37012278 184736048 2329 33400 15 126 431958250 55 0
75.207 1 IR_SENSORS 55 7 -36 46 84
75.303 1 COMMANDS 0,2099,9165,0
75.303 1 NAVIGATION 4 1 -32 118 0. 15080.3
75.319 1 ATTITUDE 0.551013 -2.218314 -0.412892
75.319 1 DL_VALUE 1 0.
75.335 1 GPS 3 37012279 184736055 2414 33410 12 146 431958498 55 0
75.399 1 FBW_STATUS 2 1 121
75.415 1 ESTIMATOR 334.017548 0.232688
75.415 1 GPS_SOL 530 270 224 6
75.495 1 ACTUATORS 1100,0,1914,1500,1411,0,1411
75.511 1 WP_MOVED 6 370351.6875 1847259.75 470. 55
75.543 1 NAVIGATION 4 1 -32 118 0. 15080.3
75.575 1 GPS 3 37012280 184736052 2379 33416 5 143 431958750 55 0
75.623 1 CIRCLE -50 272 75
75.623 1 BAT 0 121 0 1 1389 1389 0
75.726 1 DESIRED 0.25 0.15 5.4 -116. 189. 470. 2.
75.799 1 NAVIGATION 4 1 -32 118 0. 15078.3
75.815 1 ATTITUDE 0.569146 -2.131047 -0.412892
75.831 1 GPS 3 37012283 184736047 2365 33421 3 137 431958998 55 0
75.902 1 DOWNLINK_STATUS 82 37211 1899 1 461. 23. -4929.
75.911 1 ESTIMATOR 334.175415 0.260273
76.023 1 WP_MOVED 7 370352.5 1847557.25 470. 55
76.023 1 NAVIGATION_REF 370155 1847242 55
76.055 1 NAVIGATION 4 1 -32 118 0. 15076.3
76.087 1 GPS 3 37012283 184736043 2414 33435 15 135 431959250 55 0
76.311 1 COMMANDS 0,2435,8983,0
76.312 1 NAVIGATION 4 1 -32 118 0. 15046.7
76.312 1 ATTITUDE 0.595655 -2.06996 -0.392605
76.343 1 GPS 3 37012280 184736038 2452 33449 4 128 431959498 55 0
76.391 1 FBW_STATUS 2 1 121
76.423 1 ESTIMATOR 334.383514 0.313948
76.423 1 IR_SENSORS 58 12 -34 52 85
76.424 1 CALIBRATION 0. 1
76.519 1 WP_MOVED 8 369720.90625 1847611.25 470. 55
76.551 1 NAVIGATION 4 1 -32 118 0. 15048.7
76.583 1 GPS 3 37012277 184736030 2390 33462 24 148 431959750 55 0
76.663 1 CIRCLE -50 272 75
76.736 1 BAT 0 121 0 1 1390 1390 0
76.736 1 ALIVE 57,202,48,189,62,233,192,56,165,208,104,218,123,55,64,53
76.775 1 DESIRED 0.24 0.15 5.4 -116. 189. 470. 2.
76.791 1 NAVIGATION 4 1 -32 118 0. 15021.1
76.839 1 ATTITUDE 0.580216 -2.111848 -0.390487
76.839 1 DL_VALUE 2 0.
76.855 1 PPRZ_MODE 2 3 3 2 0 6
76.855 1 GPS 3 37012274 184736019 2335 33474 15 160 431959998 55 0
76.902 1 DOWNLINK_STATUS 83 37695 1924 1 484. 25. -4929.
76.924 1 ESTIMATOR 334.634308 0.377495
77.015 1 WP_MOVED 9 369613.6875 1847322.375 470. 55
77.053 1 NAVIGATION 4 1 -32 118 0. 15023.1
77.095 1 GPS 3 37012277 184736011 2276 33476 18 168 431960250 55 0
77.096 1 SVINFO 1 2 13 7 41 66 352
77.303 1 COMMANDS 0,2195,8107,0
77.303 1 NAVIGATION 4 1 -32 118 0. 14991.6
77.304 1 ATTITUDE 0.566695 -2.310816 -0.336553
77.335 1 GPS 3 37012272 184736009 2331 33477 18 160 431960498 55 0
77.399 1 FBW_STATUS 2 1 121
77.415 1 ESTIMATOR 334.815643 0.370797
77.415 1 GPS_SOL 531 272 224 6
77.511 1 WP_MOVED 10 370104.09375 1847401.25 470. 55
77.543 1 NAVIGATION 4 1 -32 118 0. 14995.6
77.575 1 GPS 3 37012264 184736003 2379 33477 13 151 431960750 55 0
77.607 1 IR_SENSORS 52 13 -29 48 88
77.703 1 CIRCLE -50 272 75
