4.797 1 NAVIGATION 4 1 -23 120 0. 15024.1
4.830 1 ATTITUDE 0.249684 -1.282817 -0.275259
4.830 1 DL_VALUE 19 1.
4.830 1 GPS 3 37013118 184736225 2880 31540 33 149 432352999 55 0
4.908 1 ESTIMATOR 315.226624 0.754408
5.020 1 WP_MOVED 16 370496. 1847326.875 470. 55
5.021 1 IR_SENSORS 26 -3 -21 17 84
5.022 1 CALIBRATION 0. 1
5.036 1 NAVIGATION 4 1 -23 120 0. 15027.1
5.084 1 GPS 3 37013071 184736256 2876 31533 65 120 432353251 55 0
5.244 1 CIRCLE -50 272 75
5.292 1 COMMANDS 0,1392,6349,0
5.293 1 NAVIGATION 4 1 -24 120 0. 15109.8
5.324 1 ATTITUDE 0.254421 -1.263618 -0.247232
5.340 1 GPS 3 37013067 184736255 2869 31569 40 136 432353499 55 0
5.341 1 SVINFO 1 4 13 4 28 61 111
5.372 1 DESIRED 0.07 0.15 5.4 -112. 186. 470. 2.
5.388 1 FBW_STATUS 2 1 120
5.404 1 ESTIMATOR 315.607605 0.760514
5.507 1 DOWNLINK_STATUS 5 2250 114 0 430. 22. 0.
5.516 1 WP_MOVED 0 370197. 1847284. 470. 55
5.517 1 BAT 0 120 0 1 75 75 0
5.548 1 NAVIGATION 4 1 -24 120 0. 15112.9
5.580 1 GPS 3 37013064 184736248 2831 31607 42 168 432353751 55 0
5.711 1 DOWNLINK 0 444 7852
5.788 1 NAVIGATION 4 1 -24 120 0. 15114.4
5.820 1 ATTITUDE 0.274024 -1.342158 -0.255955
5.837 1 GPS 3 37013060 184736242 2792 31636 39 173 432353999 55 0
5.838 1 SVINFO 1 4 13 4 29 61 111
5.900 1 ESTIMATOR 316.15744 0.875941
6.013 1 WP_MOVED 1 370155. 1847242. 470. 55
6.044 1 NAVIGATION 4 1 -24 120 0. 15085.8
6.076 1 PONG 
6.077 1 GPS 3 37013060 184736242 2766 31661 15 178 432354251 55 0
6.204 1 IR_SENSORS 28 2 -19 22 78
6.300 1 COMMANDS 0,1725,6533,0
6.301 1 NAVIGATION 4 1 -24 120 0. 15085.8
6.346 1 ATTITUDE 0.355879 -1.455604 -0.252979
6.346 1 CIRCLE -50 272 75
6.347 1 DL_VALUE 20 0.
6.347 1 GPS 3 37013051 184736250 2776 31686 56 155 432354499 55 0
6.376 1 FBW_STATUS 2 1 120
6.424 1 ESTIMATOR 316.725525 0.963568
6.425 1 DESIRED 0.11 0.15 5.4 -112. 186. 470. 2.
6.440 1 GPS_SOL 530 252 206 7
6.504 1 WP_MOVED 2 370104.59375 1847514.25 470. 55
6.505 1 DOWNLINK_STATUS 6 2741 140 0 491. 26. 70.01
6.537 1 NAVIGATION 4 1 -24 120 0. 15120.5
6.585 1 GPS 3 37013040 184736260 2805 31705 35 165 432354751 55 0
6.601 1 SVINFO 4 7 13 7 32 25 58
6.601 1 BAT 0 120 0 1 76 76 0
6.792 1 NAVIGATION 4 1 -24 120 0. 15155.2
6.825 1 ATTITUDE 0.367635 -1.387537 -0.288108
6.826 1 GPS 3 37012995 184736298 2824 31691 49 168 432354999 55 0
6.904 1 ESTIMATOR 317.14389 0.913226
7.001 1 WP_MOVED 3 370252.6875 1847348.25 470. 55
7.049 1 NAVIGATION 4 1 -25 121 0. 15269.1
7.080 1 GPS 3 37012969 184736323 2823 31700 19 186 432355251 55 0
7.096 1 CALIBRATION 0. 1
7.288 1 COMMANDS 0,2449,7461,0
7.305 1 NAVIGATION 4 1 -25 121 0. 15342.3
7.320 1 ATTITUDE 0.416256 -1.356121 -0.288108
7.336 1 GPS 3 37012979 184736321 2834 31746 36 178 432355499 55 0
7.352 1 CIRCLE -50 272 75
7.384 1 FBW_STATUS 2 1 120
7.416 1 ESTIMATOR 317.472015 0.832176
7.417 1 IR_SENSORS 33 6 -20 29 73
7.465 1 DESIRED 0.09 0.15 5.4 -112. 186. 470. 2.
7.496 1 ACTUATORS 1100,0,1815,1500,1393,0,1393
7.507 1 DOWNLINK_STATUS 7 3179 162 0 438. 22. 70.01
7.512 1 WP_MOVED 4 369815.1875 1847457.375 470. 55
7.545 1 NAVIGATION 4 1 -25 121 0. 15337.5
7.593 1 GPS 3 37012985 184736317 2831 31775 33 175 432355751 55 0
7.704 1 BAT 0 120 0 1 77 77 0
7.784 1 NAVIGATION 4 1 -25 121 0. 15304.1
7.833 1 ATTITUDE 0.491179 -1.342158 -0.266007
7.833 1 DL_VALUE 21 0.75
7.833 1 GPS 3 37012991 184736315 2861 31795 41 174 432355999 55 0
7.896 1 ESTIMATOR 317.922211 0.854806
8.008 1 WP_MOVED 5 370218.8125 1847562.625 470. 55
8.039 1 NAVIGATION 4 1 -25 121 0. 15301.
8.088 1 GPS 3 37012958 184736340 2890 31790 48 181 432356251 55 0
8.296 1 COMMANDS 0,3324,7301,0
8.297 1 NAVIGATION 4 1 -25 121 0. 15377.4
8.327 1 ATTITUDE 0.508153 -1.239184 -0.288108
8.328 1 GPS 3 37012960 184736338 2899 31821 54 167 432356499 55 0
8.375 1 FBW_STATUS 2 1 120
8.408 1 ESTIMATOR 318.253998 0.792888
8.424 1 CIRCLE -50 272 75
8.424 1 GPS_SOL 527 260 206 7
8.507 1 DOWNLINK_STATUS 8 3569 182 0 390. 20. 70.01
8.521 1 WP_MOVED 6 370351.6875 1847259.75 470. 55
8.521 1 DESIRED 0.07 0.15 5.4 -112. 186. 470. 2.
8.536 1 NAVIGATION 4 1 -25 121 0. 15377.4
8.585 1 GPS 3 37012963 184736331 2907 31851 37 177 432356751 55 0
8.600 1 IR_SENSORS 41 11 -22 39 75
8.712 1 ALIVE 167,70,52,13,53,211,83,122,173,241,111,71,190,87,168,60
8.792 1 NAVIGATION 4 1 -25 121 0. 15345.5
8.824 1 ATTITUDE 0.55028 -1.209513 -0.281009
8.841 1 BAT 0 120 0 1 78 78 0
8.841 1 PPRZ_MODE 2 3 3 2 0 6
8.842 1 GPS 3 37012936 184736347 2907 31840 36 182 432356999 55 0
8.904 1 ESTIMATOR 318.593994 0.748734
8.999 1 WP_MOVED 7 370352.5 1847557.25 470. 55
9.047 1 NAVIGATION 4 1 -25 121 0. 15418.9
9.079 1 GPS 3 37012920 184736357 2909 31839 29 186 432357251 55 0
9.221 1 CALIBRATION 0. 1
9.287 1 COMMANDS 0,3869,7133,0
9.322 1 NAVIGATION 4 1 -25 121 0. 15458.9
9.322 1 ATTITUDE 0.574796 -1.206023 -0.277589
9.335 1 DL_VALUE 22 -15184.564453
9.336 1 GPS 3 37012910 184736361 2915 31838 43 174 432357499 55 0
9.383 1 FBW_STATUS 2 1 120
9.412 1 ESTIMATOR 318.709686 0.5717
9.447 1 CIRCLE -50 272 75
9.507 1 DOWNLINK_STATUS 9 4038 206 0 469. 24. 70.01
9.511 1 WP_MOVED 8 369720.90625 1847611.25 470. 55
9.543 1 NAVIGATION 4 1 -25 121 0. 15463.8
9.560 1 DESIRED 0.06 0.15 5.4 -112. 186. 470. 2.
9.575 1 GPS 3 37012924 184736347 2911 31861 49 162 432357751 55 0
9.783 1 NAVIGATION 4 1 -25 121 0. 15425.3
9.831 1 ATTITUDE 0.543941 -1.202532 -0.259003
9.832 1 IR_SENSORS 42 15 -20 42 78
9.848 1 GPS 3 37012937 184736328 2914 31885 39 156 432357999 55 0
9.849 1 SVINFO 1 4 13 4 30 61 111
9.911 1 ESTIMATOR 318.896606 0.507632
9.912 1 BAT 0 120 0 1 79 79 0
10.007 1 WP_MOVED 9 369613.6875 1847322.375 470. 55
10.023 1 NAVIGATION_REF 370155 1847242 55
10.039 1 NAVIGATION 4 1 -25 121 0. 15358.2
10.071 1 GPS 3 37012945 184736313 2924 31907 39 168 432358251 55 0
10.296 1 COMMANDS 0,3728,7157,0
10.297 1 NAVIGATION 4 1 -25 121 0. 15324.7
10.342 1 ATTITUDE 0.553827 -1.179843 -0.270995
10.343 1 GPS 3 37012924 184736323 2934 31892 34 159 432358499 55 0
10.343 1 SVINFO 3 10 13 7 42 33 324
10.388 1 FBW_STATUS 2 1 120
10.404 1 ESTIMATOR 319.096893 0.466074
10.420 1 GPS_SOL 525 259 206 7
10.511 1 DOWNLINK_STATUS 10 4498 229 0 460. 23. 70.01
10.517 1 WP_MOVED 10 370104.09375 1847401.25 470. 55
10.518 1 CIRCLE -50 272 75
10.548 1 NAVIGATION 4 1 -25 121 0. 15364.6
10.596 1 GPS 3 37012936 184736310 2934 31922 33 177 432358751 55 0
10.598 1 SVINFO 4 7 13 7 33 25 58
10.612 1 DESIRED 0.05 0.15 5.4 -112. 186. 470. 2.
10.789 1 NAVIGATION 4 1 -25 121 0. 15327.9
10.820 1 ATTITUDE 0.573278 -1.162389 -0.28291
10.836 1 DL_VALUE 23 1.5
10.837 1 DOWNLINK 0 458 7972
10.838 1 GPS 3 37012946 184736297 2927 31951 17 174 432358999 55 0
10.900 1 ESTIMATOR 319.382019 0.504522
11.028 1 WP_MOVED 11 369922.6875 1847503.125 470. 55
11.029 1 BAT 0 120 0 1 80 80 0
11.031 1 IR_SENSORS 46 14 -24 45 78
11.044 1 NAVIGATION 4 1 -25 121 0. 15292.8
11.083 1 GPS 3 37012924 184736309 2938 31937 11 164 432359251 55 0
11.084 1 PONG 
11.300 1 COMMANDS 0,4036,8384,0
11.301 1 NAVIGATION 4 1 -25 121 0. 15334.3
11.316 1 ATTITUDE 0.590419 -1.155408 -0.353556
11.332 1 CALIBRATION 0. 1
11.333 1 GPS 3 37012935 184736293 2939 31959 9 163 432359499 55 0
11.380 1 FBW_STATUS 2 1 120
11.399 1 ESTIMATOR 319.588776 0.476078
11.518 1 WP_MOVED 12 370245.8125 1847206.75 470. 55
11.518 1 DOWNLINK_STATUS 11 4983 255 0 485. 26. 66.76
11.543 1 NAVIGATION 4 1 -25 120 0. 15269.
11.556 1 CIRCLE -50 272 75
11.588 1 GPS 3 37012945 184736270 2837 31973 26 168 432359751 55 0
11.670 1 DESIRED 0.05 0.15 5.4 -112. 186. 470. 2.
11.797 1 NAVIGATION 4 1 -25 120 0. 15234.
11.829 1 ATTITUDE 0.602419 -1.331686 -0.325635
11.830 1 GPS 3 37012950 184736245 2776 31989 19 168 432359999 55 0
11.908 1 ESTIMATOR 319.849854 0.492342
12.005 1 WP_MOVED 13 369892.6875 1847341.25 50. 55
12.039 1 NAVIGATION 4 1 -25 120 0. 15170.5
12.088 1 GPS 3 37012953 184736226 2731 32003 4 155 432360251 55 0
12.100 1 BAT 0 120 0 1 81 81 0
12.213 1 IR_SENSORS 46 13 -24 44 72
12.296 1 COMMANDS 0,3749,8518,0
12.296 1 NAVIGATION 4 1 -25 120 0. 15108.7
12.326 1 ATTITUDE 0.608599 -1.516691 -0.329751
12.326 1 DL_VALUE 24 1250.
12.327 1 GPS 3 37012924 184736242 2739 31977 3 134 432360499 55 0
12.391 1 FBW_STATUS 2 1 120
12.406 1 ESTIMATOR 320.018219 0.432326
12.420 1 GPS_SOL 526 248 206 7
12.485 1 ACTUATORS 1100,0,1873,1500,1346,0,1346
12.504 1 WP_MOVED 14 370231.59375 1847282.625 470. 55
12.518 1 DOWNLINK_STATUS 12 5444 278 0 461. 23. 66.76
12.548 1 NAVIGATION 4 1 -25 120 0. 15153.2
12.865 1 GPS 3 37012935 184736233 2778 31992 12 139 432360751 55 0
12.883 1 CIRCLE -50 272 75
12.883 1 DESIRED 0.12 0.15 5.4 -112. 186. 470. 2.
12.884 1 NAVIGATION 4 1 -25 120 0. 15148.4
12.884 1 ATTITUDE 0.647556 -1.434661 -0.366771
12.884 1 GPS 3 37012945 184736223 2742 32004 5 131 432360999 55 0
13.175 1 ESTIMATOR 320.130463 0.363125
13.180 1 WP_MOVED 15 370023.6875 1847537.25 470. 55
13.191 1 NAVIGATION 4 1 -25 120 0. 15113.5
13.196 1 GPS 3 37012951 184736209 2746 32010 13 130 432361251 55 0
13.210 1 BAT 0 120 0 1 82 82 0
13.300 1 COMMANDS 0,4085,8590,0
13.301 1 NAVIGATION 4 1 -25 120 0. 15080.3
13.316 1 ATTITUDE 0.659806 -1.490511 -0.374256
13.362 1 GPS 3 37012954 184736199 2765 32014 11 121 432361499 55 0
13.382 1 FBW_STATUS 2 1 120
13.418 1 ESTIMATOR 320.234741 0.31041
13.418 1 IR_SENSORS 53 15 -28 51 73
13.418 1 CALIBRATION 0. 1
13.508 1 WP_MOVED 16 370496. 1847326.875 470. 55
13.522 1 DOWNLINK_STATUS 13 5867 299 0 423. 21. 66.76
13.539 1 NAVIGATION 4 1 -25 120 0. 15048.7
13.588 1 GPS 3 37012955 184736195 2819 32013 11 103 432361751 55 0
13.652 1 CIRCLE -50 272 75
13.716 1 ALIVE 167,70,52,13,53,211,83,122,173,241,111,71,190,87,168,60
13.764 1 DESIRED 0.11 0.15 5.4 -112. 186. 470. 2.
13.795 1 NAVIGATION 4 1 -25 120 0. 15047.1
13.827 1 ATTITUDE 0.666297 -1.363102 -0.366771
13.871 1 DL_VALUE 25 0.
13.872 1 PPRZ_MODE 2 3 3 2 0 6
13.872 1 GPS 3 37012916 184736221 2828 31980 26 100 432361999 55 0
13.872 1 SVINFO 1 4 13 4 29 61 111
13.910 1 ESTIMATOR 320.180786 0.162087
14.008 1 WP_MOVED 0 370197. 1847284. 470. 55
14.038 1 NAVIGATION 4 1 -25 120 0. 15128.
14.088 1 GPS 3 37012896 184736243 2868 31956 26 99 432362251 55 0
14.089 1 SVINFO 2 8 13 6 32 45 101
14.305 1 COMMANDS 0,4271,8514,0
14.306 1 NAVIGATION 4 1 -26 120 0. 15167.8
14.385 1 ATTITUDE 0.659806 -1.277581 -0.337947
14.386 1 BAT 0 120 0 1 84 84 0
14.386 1 GPS 3 37012881 184736255 2886 31952 12 100 432362499 55 0
14.386 1 SVINFO 3 10 13 7 43 33 324
14.387 1 FBW_STATUS 2 1 120
14.417 1 ESTIMATOR 319.895416 -0.084504
14.417 1 GPS_SOL 525 257 206 7
14.514 1 WP_MOVED 1 370155. 1847242. 470. 55
14.519 1 DOWNLINK_STATUS 14 6368 325 0 501. 26. 66.76
14.541 1 NAVIGATION 4 1 -26 120 0. 15206.
14.592 1 GPS 3 37012872 184736266 2911 31953 24 79 432362751 55 0
14.611 1 SVINFO 4 7 13 7 34 25 58
14.611 1 SVINFO 7 25 13 4 29 10 43
14.612 1 IR_SENSORS 50 18 -24 51 72
14.702 1 CIRCLE -50 272 75
14.798 1 NAVIGATION 4 1 -26 120 0. 15241.1
14.831 1 ATTITUDE 0.679645 -1.202532 -0.325459
14.878 1 DESIRED 0.06 0.15 5.4 -113. 186. 470. 2.
14.878 1 GPS 3 37012864 184736270 2919 31949 15 93 432362999 55 0
14.911 1 ESTIMATOR 319.668884 -0.208086
15.006 1 WP_MOVED 2 370104.59375 1847514.25 470. 55
15.040 1 NAVIGATION 4 1 -26 120 0. 15276.2
15.086 1 GPS 3 37012854 184736271 2905 31944 16 86 432363251 55 0
15.310 1 COMMANDS 0,4509,7908,0
15.310 1 NAVIGATION 4 1 -26 120 0. 15281.2
15.326 1 ATTITUDE 0.657802 -1.213004 -0.329751
15.328 1 DL_VALUE 26 -7500.
15.382 1 GPS 3 37012846 184736276 2932 31940 7 102 432363499 55 0
15.409 1 SVINFO 7 25 13 4 28 10 43
15.409 1 FBW_STATUS 2 1 120
15.409 1 ESTIMATOR 319.476257 -0.267034
15.425 1 BAT 0 120 0 1 85 85 0
15.517 1 WP_MOVED 3 370252.6875 1847348.25 470. 55
15.522 1 CALIBRATION 0. 1
15.524 1 DOWNLINK_STATUS 15 6844 350 0 476. 25. 66.76
15.533 1 NAVIGATION 4 1 -26 120 0. 15284.5
15.582 1 GPS 3 37012836 184736278 2944 31939 45 68 432363751 55 0
15.761 1 CIRCLE -50 272 75
15.790 1 NAVIGATION 4 1 -26 120 0. 15289.5
15.826 1 ATTITUDE 0.627902 -1.144936 -0.342737
15.826 1 IR_SENSORS 47 14 -24 45 69
15.909 1 GPS 3 37012824 184736283 2957 31935 19 92 432363999 55 0
15.909 1 DESIRED 0.05 0.15 5.4 -113. 186. 470. 2.
15.909 1 ESTIMATOR 319.340118 -0.268223
15.932 1 DOWNLINK 0 463 8093
16.014 1 WP_MOVED 4 369815.1875 1847457.375 470. 55
16.145 1 NAVIGATION 4 1 -26 120 0. 15326.3
16.158 1 GPS 3 37012818 184736280 2968 31935 16 96 432364251 55 0
16.301 1 COMMANDS 0,4490,8423,0
16.302 1 NAVIGATION 4 1 -26 120 0. 15299.5
16.318 1 ATTITUDE 0.641439 -1.103048 -0.338679
16.333 1 GPS 3 37012818 184736278 2955 31934 21 96 432364499 55 0
16.395 1 FBW_STATUS 2 1 120
16.418 1 ESTIMATOR 319.262024 -0.229597
16.418 1 GPS_SOL 523 246 206 7
16.509 1 WP_MOVED 5 370218.8125 1847562.625 470. 55
16.514 1 BAT 0 120 0 1 86 86 0
16.527 1 DOWNLINK_STATUS 16 7284 372 0 440. 22. -4938.17
16.542 1 NAVIGATION 4 1 -26 120 0. 15299.5
16.590 1 GPS 3 37012845 184736257 2977 31956 14 94 432364751 55 0
16.798 1 NAVIGATION 4 1 -26 120 0. 15256.
16.922 1 ATTITUDE 0.641439 -1.08734 -0.325266
16.929 1 CIRCLE -50 272 75
16.929 1 DL_VALUE 27 -1500.
16.929 1 GPS 3 37012831 184736263 2978 31949 23 80 432364999 55 0
16.930 1 ESTIMATOR 319.32843 -0.108731
16.930 1 DESIRED 0.04 0.15 5.4 -113. 186. 470. 2.
17.019 1 WP_MOVED 6 370351.6875 1847259.75 470. 55
17.021 1 IR_SENSORS 44 16 -21 45 67
17.035 1 NAVIGATION 4 1 -26 120 0. 15262.6
17.083 1 GPS 3 37012819 184736266 2966 31942 12 81 432365251 55 0
17.291 1 COMMANDS 0,4468,7592,0
17.304 1 NAVIGATION 4 1 -26 120 0. 15269.3
17.328 1 ATTITUDE 0.620583 -1.106539 -0.284327
17.328 1 GPS 3 37012813 184736265 2854 31935 12 105 432365499 55 0
17.412 1 FBW_STATUS 2 1 120
17.412 1 ESTIMATOR 319.323792 -0.076382
17.487 1 ACTUATORS 1100,0,1801,1500,1326,0,1326
17.499 1 WP_MOVED 7 370352.5 1847557.25 470. 55
17.533 1 DOWNLINK_STATUS 17 7710 393 0 426. 21. -4938.17
17.547 1 NAVIGATION 4 1 -26 120 0. 15272.7
17.583 1 GPS 3 37012809 184736269 2871 31922 7 102 432365751 55 0
17.616 1 BAT 0 120 0 1 87 87 0
17.616 1 CALIBRATION 0. 1
17.790 1 NAVIGATION 4 1 -26 120 0. 15304.5
17.835 1 ATTITUDE 0.547343 -1.272345 -0.2863
17.838 1 GPS 3 37012806 184736271 2981 31910 18 102 432365999 55 0
17.838 1 SVINFO 1 4 13 4 30 60 111
17.909 1 CIRCLE -50 272 75
17.909 1 ESTIMATOR 319.213257 -0.126839
17.968 1 DESIRED 0.07 0.15 5.4 -113. 187. 470. 2.
18.014 1 WP_MOVED 8 369720.90625 1847611.25 470. 55
18.047 1 NAVIGATION 4 1 -26 120 0. 15306.2
18.077 1 GPS 3 37012805 184736272 3026 31904 5 88 432366251 55 0
18.213 1 IR_SENSORS 37 6 -23 32 76
18.307 1 COMMANDS 0,2937,7849,0
18.308 1 NAVIGATION 4 1 -26 120 0. 15306.2
18.331 1 ATTITUDE 0.425961 -1.001819 -0.313879
18.334 1 DL_VALUE 28 -0.03
18.334 1 GPS 3 37012805 184736272 3052 31901 8 95 432366499 55 0
18.418 1 FBW_STATUS 2 1 120
18.418 1 ESTIMATOR 319.076721 -0.175667
18.418 1 GPS_SOL 524 245 206 7
18.510 1 WP_MOVED 9 369613.6875 1847322.375 470. 55
18.534 1 DOWNLINK_STATUS 18 8175 417 0 465. 24. -4938.17
18.539 1 NAVIGATION 4 1 -26 120 0. 15306.2
18.587 1 GPS 3 37012803 184736268 3000 31900 6 87 432366751 55 0
18.722 1 BAT 0 120 0 1 88 88 0
18.722 1 ALIVE 167,70,52,13,53,211,83,122,173,241,111,71,190,87,168,60
18.795 1 NAVIGATION 4 1 -26 120 0. 15277.7
18.829 1 ATTITUDE 0.344937 -1.047198 -0.337326
18.829 1 PPRZ_MODE 2 3 3 2 0 6
18.830 1 GPS 3 37012797 184736273 3008 31903 29 73 432366999 55 0
18.921 1 ESTIMATOR 318.992554 -0.17166
18.921 1 CIRCLE -50 272 75
19.045 1 WP_MOVED 10 370104.09375 1847401.25 470. 55
19.052 1 DESIRED 0.03 0.15 5.4 -113. 187. 470. 2.
19.053 1 NAVIGATION_REF 370155 1847242 55
19.053 1 NAVIGATION 4 1 -27 120 0. 15311.3
19.079 1 GPS 3 37012791 184736281 3046 31898 12 102 432367251 55 0
19.307 1 COMMANDS 0,2255,8888,0
19.308 1 NAVIGATION 4 1 -27 120 0. 15314.6
19.316 1 ATTITUDE 0.325189 -0.966913 -0.408624
19.333 1 GPS 3 37012787 184736282 3074 31896 7 97 432367499 55 0
19.417 1 FBW_STATUS 2 1 120
19.418 1 ESTIMATOR 318.928955 -0.156338
19.418 1 IR_SENSORS 42 -9 -38 24 88
19.510 1 WP_MOVED 11 369922.6875 1847503.125 470. 55
19.536 1 DOWNLINK_STATUS 19 8637 440 0 462. 23. -4938.17
19.541 1 NAVIGATION 4 1 -27 120 0. 15346.5
19.592 1 GPS 3 37012783 184736284 3115 31895 15 90 432367751 55 0
19.701 1 CALIBRATION 0. 1
19.797 1 NAVIGATION 4 1 -27 120 0. 15348.2
19.828 1 ATTITUDE 0.307865 -0.846484 -0.440408
19.830 1 BAT 0 120 0 1 89 89 0
19.831 1 DL_VALUE 29 0.75
19.844 1 GPS 3 37012775 184736281 3142 31896 12 97 432367999 55 0
19.936 1 ESTIMATOR 318.895813 -0.12521
19.959 1 CIRCLE -50 272 75
20.005 1 WP_MOVED 12 370245.8125 1847206.75 470. 55
20.040 1 NAVIGATION 4 1 -27 120 0. 15323.1
20.074 1 DESIRED -0.02 0.15 5.4 -113. 187. 470. 2.
20.074 1 GPS 3 37012769 184736280 3105 31899 10 94 432368251 55 0
20.310 1 COMMANDS 0,2745,9035,0
20.310 1 NAVIGATION 4 1 -27 120 0. 15326.5
20.325 1 ATTITUDE 0.341457 -0.863938 -0.416908
20.327 1 GPS 3 37012761 184736278 3109 31902 7 101 432368499 55 0
20.424 1 FBW_STATUS 2 1 120
20.425 1 ESTIMATOR 318.915649 -0.068832
20.425 1 GPS_SOL 525 244 206 7
20.505 1 WP_MOVED 13 369892.6875 1847341.25 50. 55
20.532 1 NAVIGATION 4 1 -27 120 0. 15330.
20.536 1 DOWNLINK_STATUS 20 9092 463 0 455. 23. -4938.17
20.582 1 GPS 3 37012750 184736282 3112 31911 8 99 432368751 55 0
20.599 1 IR_SENSORS 45 -4 -36 30 85
20.793 1 NAVIGATION 4 1 -27 120 0. 15367.
20.821 1 ATTITUDE 0.426242 -0.851721 -0.394876
20.822 1 GPS 3 37012740 184736290 3122 31916 24 108 432368999 55 0
20.934 1 ESTIMATOR 319.010071 0.018693
20.934 1 BAT 0 120 0 1 90 90 0
21.012 1 WP_MOVED 14 370231.59375 1847282.625 470. 55
21.015 1 CIRCLE -50 272 75
21.015 1 DOWNLINK 0 437 8206
21.144 1 NAVIGATION 4 1 -27 120 0. 15372.2
21.156 1 GPS 3 37012732 184736299 3138 31916 33 91 432369251 55 0
21.161 1 DESIRED -0.02 0.15 5.4 -113. 187. 470. 2.
21.306 1 COMMANDS 0,3575,8070,0
21.308 1 NAVIGATION 4 1 -27 121 0. 15407.6
21.332 1 ATTITUDE 0.437294 -0.806342 -0.36099
21.335 1 DL_VALUE 30 -0.01
21.335 1 GPS 3 37012728 184736298 3136 31918 24 103 432369499 55 0
21.426 1 FBW_STATUS 2 1 120
21.427 1 ESTIMATOR 319.099243 0.072361
21.510 1 WP_MOVED 15 370023.6875 1847537.25 470. 55
21.544 1 DOWNLINK_STATUS 21 9506 484 0 414. 21. -9937.63
21.544 1 NAVIGATION 4 1 -27 121 0. 15409.3
21.588 1 GPS 3 37012720 184736296 3121 31927 22 98 432369751 55 0
21.796 1 NAVIGATION 4 1 -27 121 0. 15414.5
21.828 1 ATTITUDE 0.497075 -0.836013 -0.350156
21.854 1 IR_SENSORS 41 6 -26 35 73
21.855 1 CALIBRATION 0. 1
21.857 1 GPS 3 37012713 184736298 3092 31932 31 106 432369999 55 0
21.858 1 SVINFO 1 4 13 4 31 60 111
21.951 1 ESTIMATOR 319.223724 0.132066
22.019 1 WP_MOVED 16 370496. 1847326.875 470. 55
22.020 1 BAT 0 120 0 1 91 91 0
22.052 1 NAVIGATION 4 1 -27 121 0. 15418.
22.053 1 CIRCLE -50 272 75
22.079 1 GPS 3 37012706 184736300 3076 31945 25 99 432370251 55 0
22.162 1 DESIRED -0.01 0.15 5.4 -114. 187. 470. 2.
22.309 1 COMMANDS 0,4231,7426,0
22.309 1 NAVIGATION 4 1 -27 121 0. 15421.5
22.319 1 ATTITUDE 0.558311 -0.914553 -0.338297
22.334 1 GPS 3 37012729 184736281 3075 31981 20 102 432370499 55 0
22.336 1 SVINFO 3 10 13 7 44 33 324
22.484 1 FBW_STATUS 2 1 120
22.484 1 ESTIMATOR 319.481995 0.26737
22.484 1 GPS_SOL 528 241 206 7
22.505 1 ACTUATORS 1100,0,1857,1500,1324,0,1324
22.513 1 WP_MOVED 0 370197. 1847284. 470. 55
22.548 1 NAVIGATION 4 1 -27 120 0. 15348.9
22.548 1 DOWNLINK_STATUS 22 10015 510 0 509. 26. -9937.63
22.590 1 GPS 3 37012724 184736283 3090 31976 7 117 432370751 55 0
22.782 1 NAVIGATION 4 1 -27 120 0. 15380.8
22.830 1 ATTITUDE 0.617666 -0.890118 -0.329751
22.832 1 DL_VALUE 31 0.1
22.833 1 GPS 3 37012721 184736283 3158 31979 14 127 432370999 55 0
22.973 1 ESTIMATOR 319.715149 0.333072
23.011 1 WP_MOVED 1 370155. 1847242. 470. 55
23.026 1 IR_SENSORS 46 15 -23 45 70
23.042 1 NAVIGATION 4 1 -27 120 0. 15382.6
23.086 1 GPS 3 37012717 184736286 3149 31992 30 110 432371251 55 0
23.102 1 CIRCLE -50 272 75
23.118 1 BAT 0 120 0 1 92 92 0
23.214 1 DESIRED -0.03 0.15 5.4 -113. 187. 470. 2.
23.294 1 COMMANDS 0,5011,8184,0
23.296 1 NAVIGATION 4 1 -27 120 0. 15386.
23.341 1 ATTITUDE 0.627902 -0.787144 -0.303441
23.343 1 GPS 3 37012711 184736289 3150 31995 11 121 432371499 55 0
23.345 1 SVINFO 7 25 13 4 29 10 43
23.507 1 FBW_STATUS 2 1 120
23.507 1 ESTIMATOR 319.929962 0.364219
23.508 1 WP_MOVED 2 370104.59375 1847514.25 470. 55
23.536 1 NAVIGATION 4 1 -27 120 0. 15387.8
23.549 1 DOWNLINK_STATUS 23 10452 532 0 437. 22. -9937.63
23.582 1 GPS 3 37012712 184736288 3152 32002 6 115 432371751 55 0
23.709 1 ALIVE 167,70,52,13,53,211,83,122,173,241,111,71,190,87,168,60
23.789 1 NAVIGATION 4 1 -27 120 0. 15387.8
23.821 1 ATTITUDE 0.651654 -0.781907 -0.270459
23.823 1 PPRZ_MODE 2 3 3 2 0 6
23.837 1 GPS 3 37012706 184736286 3145 32006 18 112 432371999 55 0
24.010 1 ESTIMATOR 320.097198 0.353222
24.010 1 CALIBRATION 0. 1
24.019 1 WP_MOVED 3 370252.6875 1847348.25 470. 55
24.058 1 NAVIGATION 4 1 -27 120 0. 15391.3
24.078 1 GPS 3 37012699 184736286 3139 32006 21 106 432372251 55 0
24.157 1 CIRCLE -50 272 75
24.205 1 BAT 0 120 0 1 93 93 0
24.221 1 IR_SENSORS 42 21 -15 47 67
24.269 1 DESIRED -0.03 0.15 5.4 -114. 187. 470. 2.
24.301 1 COMMANDS 0,5076,6773,0
24.303 1 NAVIGATION 4 1 -28 120 0. 15394.8
24.333 1 ATTITUDE 0.658689 -0.804597 -0.245836
24.335 1 DL_VALUE 32 0.
24.337 1 GPS 3 37012692 184736287 3141 32011 20 109 432372499 55 0
24.525 1 FBW_STATUS 2 1 120
24.525 1 ESTIMATOR 320.197815 0.30162
24.525 1 GPS_SOL 527 248 206 7
24.526 1 WP_MOVED 4 369815.1875 1847457.375 470. 55
24.562 1 NAVIGATION 4 1 -28 120 0. 15400.
24.563 1 DOWNLINK_STATUS 24 10938 557 0 486. 25. -9937.63
24.590 1 GPS 3 37012685 184736289 3166 32009 14 111 432372751 55 0
24.801 1 NAVIGATION 4 1 -28 120 0. 15403.5
24.830 1 ATTITUDE 0.668815 -0.757473 -0.260096
24.831 1 GPS 3 37012677 184736288 3159 32015 30 107 432372999 55 0
25.029 1 ESTIMATOR 320.249023 0.234741
25.030 1 WP_MOVED 5 370218.8125 1847562.625 470. 55
25.051 1 NAVIGATION 4 1 -28 120 0. 15407.1
25.089 1 GPS 3 37012674 184736286 3163 32021 7 129 432373251 55 0
25.196 1 CIRCLE -50 272 75
25.292 1 COMMANDS 0,5262,7224,0
25.294 1 NAVIGATION 4 1 -28 120 0. 15408.8
25.355 1 ATTITUDE 0.67166 -0.762709 -0.256487
25.357 1 DESIRED -0.03 0.15 5.4 -114. 187. 470. 2.
25.359 1 BAT 0 120 0 1 95 95 0
25.361 1 GPS 3 37012671 184736286 3159 32019 19 120 432373499 55 0
25.510 1 FBW_STATUS 2 1 120
25.540 1 ESTIMATOR 320.293518 0.184386
25.540 1 IR_SENSORS 44 21 -17 48 67
25.540 1 WP_MOVED 6 370351.6875 1847259.75 470. 55
25.563 1 NAVIGATION 4 1 -28 120 0. 15410.6
25.563 1 DOWNLINK_STATUS 25 11350 577 0 412. 20. -9937.63
25.580 1 GPS 3 37012668 184736291 3187 32016 24 108 432373751 55 0
25.596 1 SVINFO 0 2 13 7 42 69 355
25.787 1 NAVIGATION 4 1 -28 120 0. 15412.4
25.821 1 ATTITUDE 0.691109 -0.720821 -0.256487
25.823 1 DL_VALUE 33 -4000.
25.835 1 GPS 3 37012668 184736299 3193 32020 28 107 432373999 55 0
26.032 1 ESTIMATOR 320.290619 0.120706
26.032 1 WP_MOVED 7 370352.5 1847557.25 470. 55
26.032 1 CALIBRATION 0. 1
26.054 1 NAVIGATION 4 1 -28 121 0. 15442.6
26.080 1 GPS 3 37012667 184736301 3193 32024 19 98 432374251 55 0
26.095 1 PONG 
26.107 1 DOWNLINK 0 451 8323
26.251 1 CIRCLE -50 272 75
26.299 1 COMMANDS 0,5430,6161,0
26.301 1 NAVIGATION 4 1 -28 121 0. 15444.4
26.315 1 ATTITUDE 0.667502 -0.710349 -0.194223
26.331 1 GPS 3 37012669 184736296 3218 32024 13 109 432374499 55 0
26.363 1 DESIRED -0.04 0.15 5.4 -114. 187. 470. 2.
26.379 1 FBW_STATUS 2 1 120
26.515 1 ESTIMATOR 320.300507 0.086335
26.515 1 BAT 0 120 0 1 96 96 0
26.515 1 GPS_SOL 528 240 206 7
26.515 1 WP_MOVED 8 369720.90625 1847611.25 470. 55
26.542 1 NAVIGATION 4 1 -28 121 0. 15442.6
26.571 1 DOWNLINK_STATUS 26 11816 602 0 466. 25. 69.18
26.592 1 GPS 3 37012671 184736295 3212 32035 12 114 432374751 55 0
26.607 1 IR_SENSORS 41 26 -11 50 66
26.795 1 NAVIGATION 4 1 -28 121 0. 15440.8
26.827 1 ATTITUDE 0.707889 -0.677188 -0.158371
26.829 1 GPS 3 37012672 184736290 3179 32052 20 125 432374999 55 0
27.032 1 ESTIMATOR 320.399841 0.126965
27.032 1 WP_MOVED 9 369613.6875 1847322.375 470. 55
27.036 1 NAVIGATION 4 1 -28 120 0. 15410.6
27.088 1 GPS 3 37012674 184736286 3126 32073 26 117 432375251 55 0
27.291 1 COMMANDS 0,5674,4317,0
27.293 1 NAVIGATION 4 1 -28 120 0. 15408.8
27.323 1 ATTITUDE 0.719257 -0.827286 -0.097314
27.325 1 CIRCLE -50 272 75
27.339 1 DL_VALUE 34 1500.
27.341 1 GPS 3 37012674 184736282 3115 32092 38 112 432375499 55 0
27.387 1 FBW_STATUS 2 1 120
27.522 1 ESTIMATOR 320.662903 0.263649
27.523 1 DESIRED -0.02 0.15 5.4 -114. 187. 470. 2.
27.523 1 ACTUATORS 1100,0,1708,1500,1270,0,1270
27.523 1 WP_MOVED 10 370104.09375 1847401.25 470. 55
27.524 1 BAT 0 120 0 1 97 97 0
27.553 1 NAVIGATION 4 1 -28 120 0. 15408.8
27.554 1 DOWNLINK_STATUS 27 12260 624 0 444. 22. 69.18
27.588 1 GPS 3 37012675 184736281 3114 32110 18 122 432375751 55 0
27.738 1 WIND_INFO 1 42 0. 0. 0.
27.787 1 NAVIGATION 4 1 -28 120 0. 15378.6
27.849 1 ATTITUDE 0.679645 -0.84823 -0.050831
27.851 1 IR_SENSORS 37 32 -3 51 70
27.853 1 WIND_INFO_RET 0. 0. 0.
27.855 1 GPS 3 37012675 184736277 3097 32129 17 132 432375999 55 0
27.896 1 ESTIMATOR 321.022552 0.418492
28.114 1 WP_MOVED 11 369922.6875 1847503.125 470. 55
28.114 1 NAVIGATION_REF 370155 1847242 55
28.115 1 NAVIGATION 4 1 -28 120 0. 15378.6
28.115 1 GPS 3 37012676 184736274 3084 32143 22 123 432376251 55 0
28.115 1 SVINFO 1 4 13 4 29 60 111
28.116 1 CALIBRATION 0. 1
28.295 1 COMMANDS 0,5149,4224,0
28.297 1 NAVIGATION 4 1 -28 120 0. 15378.6
28.327 1 ATTITUDE 0.688914 -0.90059 -0.050831
28.329 1 GPS 3 37012679 184736274 3078 32156 19 135 432376499 55 0
28.343 1 CIRCLE -50 272 75
28.376 1 FBW_STATUS 2 1 120
28.407 1 ESTIMATOR 321.396332 0.529016
28.409 1 GPS_SOL 530 243 206 7
28.523 1 DESIRED -0. 0.15 5.4 -114. 187. 470. 2.
28.523 1 WP_MOVED 12 370245.8125 1847206.75 470. 55
28.544 1 NAVIGATION 4 1 -28 120 0. 15376.9
28.556 1 DOWNLINK_STATUS 28 12729 648 0 469. 24. 69.18
28.584 1 GPS 3 37012682 184736277 3084 32164 21 121 432376751 55 0
28.600 1 BAT 0 120 0 1 98 98 0
28.711 1 ALIVE 167,70,52,13,53,211,83,122,173,241,111,71,190,87,168,60
28.791 1 NAVIGATION 4 1 -28 120 0. 15375.1
28.823 1 ATTITUDE 0.686508 -0.90059 -0.094738
28.825 1 DL_VALUE 35 0.15
28.839 1 PPRZ_MODE 2 3 3 2 0 6
28.841 1 GPS 3 37012684 184736276 3088 32172 16 110 432376999 55 0
28.904 1 ESTIMATOR 321.704102 0.556842
29.035 1 WP_MOVED 13 369892.6875 1847341.25 50. 55
29.035 1 IR_SENSORS 39 29 -7 51 69
29.074 1 NAVIGATION 4 1 -28 120 0. 15373.3
29.080 1 GPS 3 37012685 184736279 3085 32175 24 113 432377251 55 0
29.096 1 SVINFO 1 4 13 4 31 60 111
29.287 1 COMMANDS 0,5034,4768,0
29.303 1 NAVIGATION 4 1 -28 120 0. 15373.3
29.319 1 ATTITUDE 0.686508 -0.898845 -0.109103
29.335 1 GPS 3 37012682 184736282 3110 32181 10 117 432377499 55 0
29.383 1 FBW_STATUS 2 1 120
29.571 1 ESTIMATOR 321.911774 0.507906
29.571 1 CIRCLE -50 272 75
29.571 1 WP_MOVED 14 370231.59375 1847282.625 470. 55
29.572 1 DESIRED -0. 0.15 5.4 -114. 187. 470. 2.
29.572 1 NAVIGATION 4 1 -28 120 0. 15405.3
29.572 1 DOWNLINK_STATUS 29 13201 672 0 472. 24. 69.18
29.592 1 GPS 3 37012680 184736282 3111 32182 11 103 432377751 55 0
29.703 1 BAT 0 120 0 1 99 99 0
29.783 1 NAVIGATION 4 1 -28 120 0. 15405.3
29.843 1 ATTITUDE 0.686508 -0.853466 -0.094738
29.845 1 GPS 3 37012677 184736280 3109 32196 7 129 432377999 55 0
29.847 1 SVINFO 1 4 13 4 30 60 111
29.910 1 ESTIMATOR 322.055664 0.434603
30.031 1 WP_MOVED 15 370023.6875 1847537.25 470. 55
30.043 1 NAVIGATION 4 1 -28 120 0. 15376.9
30.084 1 GPS 3 37012674 184736278 3046 32207 15 110 432378251 55 0
30.213 1 IR_SENSORS 38 32 -4 52 69
30.213 1 CALIBRATION 0. 1
30.293 1 COMMANDS 0,5372,4707,0
30.293 1 NAVIGATION 4 1 -28 120 0. 15378.6
30.323 1 ATTITUDE 0.686508 -0.966913 -0.080337
30.325 1 DL_VALUE 36 0.05
30.339 1 GPS 3 37012667 184736276 3021 32215 5 130 432378499 55 0
30.387 1 FBW_STATUS 2 1 120
30.403 1 ESTIMATOR 322.215881 0.395862
30.419 1 GPS_SOL 531 242 206 7
30.522 1 CIRCLE -50 272 75
30.522 1 WP_MOVED 16 370496. 1847326.875 470. 55
30.574 1 NAVIGATION 4 1 -28 120 0. 15383.9
30.575 1 DESIRED 0.02 0.15 5.4 -114. 187. 470. 2.
30.575 1 DOWNLINK_STATUS 30 13666 696 0 465. 24. 69.18
30.579 1 GPS 3 37012660 184736280 2999 32229 16 101 432378751 55 0
30.786 1 NAVIGATION 4 1 -28 120 0. 15387.5
30.834 1 ATTITUDE 0.704995 -1.048943 -0.094738
30.836 1 BAT 0 120 0 1 100 100 0
30.838 1 GPS 3 37012679 184736261 3006 32275 27 93 432378999 55 0
30.899 1 ESTIMATOR 322.502197 0.462474
31.061 1 WP_MOVED 0 370197. 1847284. 470. 55
31.061 1 NAVIGATION 4 1 -28 120 0. 15346.7
31.082 1 GPS 3 37012659 184736273 3012 32267 41 68 432379251 55 0
31.091 1 PONG 
31.202 1 DOWNLINK 0 450 8440
31.298 1 COMMANDS 0,4965,4558,0
31.300 1 NAVIGATION 4 1 -28 120 0. 15387.5
31.344 1 ATTITUDE 0.698057 -1.026253 -0.079307
31.346 1 GPS 3 37012652 184736282 3030 32258 22 80 432379499 55 0
31.348 1 SVINFO 7 25 13 4 30 10 43
31.376 1 FBW_STATUS 2 1 120
31.408 1 ESTIMATOR 322.702881 0.437745
31.410 1 IR_SENSORS 39 32 -5 53 70
31.586 1 WP_MOVED 1 370155. 1847242. 470. 55
31.587 1 CIRCLE -50 272 75
31.587 1 NAVIGATION 4 1 -28 120 0. 15421.2
31.587 1 DOWNLINK_STATUS 31 14075 718 0 409. 22. 64.19
31.588 1 GPS 3 37012649 184736289 3139 32257 26 104 432379751 55 0
31.618 1 DESIRED 0.02 0.15 5.4 -114. 187. 470. 2.
31.792 1 NAVIGATION 4 1 -28 120 0. 15423.
31.824 1 ATTITUDE 0.659806 -0.804597 -0.06274
31.826 1 DL_VALUE 37 0.
31.828 1 GPS 3 37012649 184736292 3121 32260 14 84 432379999 55 0
31.906 1 ESTIMATOR 322.773468 0.33699
31.922 1 BAT 0 120 0 1 101 101 0
32.078 1 WP_MOVED 2 370104.59375 1847514.25 470. 55
32.079 1 NAVIGATION 4 1 -28 120 0. 15423.
32.081 1 GPS 3 37012645 184736296 3118 32262 6 91 432380251 55 0
32.288 1 COMMANDS 0,4902,3828,0
32.304 1 NAVIGATION 4 1 -28 121 0. 15456.8
32.320 1 ATTITUDE 0.638003 -0.841249 -0.049643
32.322 1 CALIBRATION 0. 1
32.336 1 GPS 3 37012646 184736304 3089 32261 6 87 432380499 55 0
32.384 1 FBW_STATUS 2 1 120
32.416 1 ESTIMATOR 322.791931 0.234735
32.418 1 GPS_SOL 532 240 206 7
32.536 1 ACTUATORS 1100,0,1638,1500,1299,0,1299
32.537 1 WP_MOVED 3 370252.6875 1847348.25 470. 55
32.546 1 NAVIGATION 4 1 -28 121 0. 15455.
32.546 1 CIRCLE -50 272 75
32.597 1 DOWNLINK_STATUS 32 14531 741 0 456. 23. 64.19
32.597 1 GPS 3 37012649 184736307 3047 32260 12 79 432380751 55 0
32.609 1 IR_SENSORS 33 31 -1 48 73
32.656 1 DESIRED -0. 0.15 5.4 -114. 187. 470. 2.
32.784 1 NAVIGATION 4 1 -28 121 0. 15483.5
32.816 1 ATTITUDE 0.631653 -0.965167 -0.008
32.832 1 GPS 3 37012650 184736315 3048 32257 12 75 432380999 55 0
32.898 1 ESTIMATOR 322.75412 0.129166
33.093 1 WP_MOVED 4 369815.1875 1847457.375 470. 55
33.093 1 BAT 0 120 0 1 102 102 0
33.093 1 NAVIGATION 4 1 -28 121 0. 15483.5
33.094 1 GPS 3 37012650 184736326 3096 32253 16 74 432381251 55 0
33.296 1 COMMANDS 0,4867,3834,0
33.298 1 NAVIGATION 4 1 -28 121 0. 15513.8
33.328 1 ATTITUDE 0.659806 -0.879646 -0.049073
33.330 1 DL_VALUE 38 0.
33.344 1 GPS 3 37012649 184736332 3132 32244 16 66 432381499 55 0
33.347 1 SVINFO 7 25 13 4 28 10 43
33.376 1 FBW_STATUS 2 1 120
33.408 1 ESTIMATOR 322.651093 0.014577
33.601 1 WP_MOVED 5 370218.8125 1847562.625 470. 55
33.601 1 NAVIGATION 4 1 -28 121 0. 15544.1
33.602 1 DOWNLINK_STATUS 33 14956 762 0 425. 21. 64.19
33.602 1 GPS 3 37012649 184736331 3031 32242 16 74 432381751 55 0
33.602 1 CIRCLE -50 272 75
33.728 1 DESIRED -0.02 0.15 5.4 -114. 187. 470. 2.
33.731 1 ALIVE 167,70,52,13,53,211,83,122,173,241,111,71,190,87,168,60
33.792 1 NAVIGATION 4 1 -28 121 0. 15513.8
33.840 1 ATTITUDE 0.677981 -0.993092 -0.049073
33.842 1 IR_SENSORS 38 33 -3 53 73
33.844 1 PPRZ_MODE 2 3 3 2 0 6
33.856 1 GPS 3 37012651 184736335 3062 32233 26 56 432381999 55 0
33.858 1 SVINFO 1 4 13 4 31 60 111
33.860 1 SVINFO 7 25 13 4 30 10 43
33.906 1 ESTIMATOR 322.510071 -0.086508
34.066 1 WP_MOVED 6 370351.6875 1847259.75 470. 55
34.066 1 NAVIGATION 4 1 -28 121 0. 15544.1
34.081 1 GPS 3 37012651 184736338 3083 32227 22 55 432382251 55 0
34.113 1 BAT 0 120 0 1 103 103 0
34.288 1 COMMANDS 0,5015,4353,0
34.304 1 NAVIGATION 4 1 -28 121 0. 15544.1
34.320 1 ATTITUDE 0.665186 -0.902335 -0.074568
34.336 1 GPS 3 37012654 184736333 3117 32221 6 65 432382499 55 0
34.384 1 FBW_STATUS 2 1 120
34.416 1 ESTIMATOR 322.342468 -0.170414
34.418 1 GPS_SOL 534 239 206 7
34.420 1 CALIBRATION 0. 1
34.552 1 WP_MOVED 7 370352.5 1847557.25 470. 55
34.552 1 NAVIGATION 4 1 -28 121 0. 15542.4
34.602 1 DOWNLINK_STATUS 34 15459 788 0 503. 26. 64.19
34.603 1 GPS 3 37012655 184736325 3137 32212 13 55 432382751 55 0
34.603 1 SVINFO 4 7 13 7 35 25 58
34.609 1 SVINFO 7 25 13 4 28 10 43
34.656 1 CIRCLE -50 272 75
34.770 1 DESIRED -0.01 0.15 5.4 -114. 187. 470. 2.
34.786 1 NAVIGATION 4 1 -28 121 0. 15510.3
34.835 1 ATTITUDE 0.667756 -0.808088 -0.099846
34.836 1 DL_VALUE 39 0.
34.836 1 GPS 3 37012660 184736323 3159 32206 19 34 432382999 55 0
34.898 1 ESTIMATOR 322.158875 -0.236542
35.061 1 WP_MOVED 8 369720.90625 1847611.25 470. 55
35.061 1 IR_SENSORS 41 31 -7 54 75
35.061 1 NAVIGATION 4 1 -28 121 0. 15508.5
35.102 1 GPS 3 37012662 184736321 3157 32198 21 35 432383251 55 0
35.200 1 BAT 0 120 0 1 104 104 0
35.296 1 COMMANDS 0,5379,4709,0
35.298 1 NAVIGATION 4 1 -28 121 0. 15506.7
35.328 1 ATTITUDE 0.686893 -0.773181 -0.103598
35.330 1 GPS 3 37012693 184736290 3116 32214 2 48 432383499 55 0
35.344 1 SVINFO 7 25 13 4 29 10 43
35.376 1 FBW_STATUS 2 1 120
35.408 1 ESTIMATOR 322.039825 -0.232471
35.565 1 WP_MOVED 9 369613.6875 1847322.375 470. 55
35.566 1 NAVIGATION 4 1 -28 120 0. 15398.3
35.585 1 DOWNLINK_STATUS 35 15924 812 0 465. 24. 64.19
35.602 1 GPS 3 37012683 184736286 3029 32205 14 49 432383751 55 0
35.696 1 CIRCLE -50 272 75
35.792 1 NAVIGATION 4 1 -28 120 0. 15403.5
35.850 1 ATTITUDE 0.707075 -0.996583 -0.13587
35.853 1 DESIRED 0.02 0.15 5.4 -114. 187. 470. 2.
35.855 1 GPS 3 37012705 184736255 3002 32236 10 44 432383999 55 0
35.898 1 ESTIMATOR 322.062378 -0.132029
36.103 1 WP_MOVED 10 370104.09375 1847401.25 470. 55
36.103 1 NAVIGATION 4 1 -27 120 0. 15300.8
36.103 1 GPS 3 37012724 184736224 2905 32258 12 43 432384251 55 0
36.104 1 PONG 
36.201 1 IR_SENSORS 42 30 -9 54 70
36.297 1 COMMANDS 0,5024,4678,0
36.299 1 NAVIGATION 4 1 -27 120 0. 15230.1
36.329 1 ATTITUDE 0.693501 -1.213004 -0.132355
36.345 1 BAT 0 120 0 1 106 106 0
36.347 1 DL_VALUE 40 -0.4
36.348 1 DOWNLINK 0 467 8563
36.350 1 GPS 3 37012739 184736196 2881 32273 4 43 432384499 55 0
36.377 1 FBW_STATUS 2 1 120
36.409 1 ESTIMATOR 322.333984 0.097459
36.411 1 GPS_SOL 541 239 206 7
36.565 1 WP_MOVED 11 369922.6875 1847503.125 470. 55
36.566 1 CALIBRATION 0. 1
36.614 1 NAVIGATION 4 1 -27 120 0. 15163.1
36.615 1 GPS 3 37012716 184736210 2946 32241 20 26 432384751 55 0
36.615 1 DOWNLINK_STATUS 36 16423 838 0 499. 26. 60.16
36.745 1 CIRCLE -50 272 75
36.793 1 NAVIGATION 4 1 -27 120 0. 15205.3
36.825 1 ATTITUDE 0.641157 -1.141445 -0.130669
36.827 1 GPS 3 37012730 184736194 2958 32253 15 16 432384999 55 0
36.857 1 DESIRED 0.05 0.15 5.4 -114. 187. 470. 2.
36.906 1 ESTIMATOR 322.436401 0.135341
37.138 1 WP_MOVED 12 370245.8125 1847206.75 470. 55
37.138 1 NAVIGATION_REF 370155 1847242 55
37.139 1 NAVIGATION 4 1 -27 120 0. 15166.6
37.139 1 GPS 3 37012742 184736181 2997 32263 19 18 432385251 55 0
37.289 1 COMMANDS 0,4308,4912,0
37.305 1 NAVIGATION 4 1 -27 119 0. 15101.5
37.321 1 ATTITUDE 0.631653 -1.052433 -0.130669
37.323 1 GPS 3 37012717 184736199 2901 32235 12 40 432385499 55 0
37.385 1 FBW_STATUS 2 1 120
37.417 1 ESTIMATOR 322.499084 0.125451
37.419 1 BAT 0 120 0 1 107 107 0
37.421 1 IR_SENSORS 39 26 -9 48 73
37.614 1 ACTUATORS 1100,0,1735,1500,1313,0,1313
37.614 1 WP_MOVED 13 369892.6875 1847341.25 50. 55
37.615 1 NAVIGATION 4 1 -27 120 0. 15175.3
37.615 1 GPS 3 37012736 184736191 2900 32251 15 22 432385751 55 0
37.615 1 DOWNLINK_STATUS 37 16871 860 0 448. 22. 60.16
37.738 1 WIND_INFO 1 42 0. 0. 0.
37.785 1 NAVIGATION 4 1 -27 119 0. 15133.2
37.833 1 ATTITUDE 0.608599 -1.22173 -0.132355
37.835 1 CIRCLE -50 272 75
37.837 1 DL_VALUE 41 0.
37.849 1 WIND_INFO_RET 0. 0. 0.
37.851 1 GPS 3 37012708 184736208 2914 32221 11 17 432385999 55 0
37.914 1 ESTIMATOR 322.458221 0.04928
37.931 1 DESIRED 0.07 0.15 5.4 -113. 187. 470. 2.
38.124 1 WP_MOVED 14 370231.59375 1847282.625 470. 55
38.125 1 NAVIGATION 4 1 -27 120 0. 15208.8
38.125 1 GPS 3 37012726 184736190 2876 32239 15 11 432386251 55 0
38.297 1 COMMANDS 0,3719,4881,0
38.299 1 NAVIGATION 4 1 -27 119 0. 15140.1
38.313 1 ATTITUDE 0.557099 -1.263618 -0.146006
38.329 1 GPS 3 37012704 184736206 2984 32226 23 39 432386499 55 0
38.377 1 FBW_STATUS 2 1 120
38.409 1 ESTIMATOR 322.401062 -0.008371
38.411 1 GPS_SOL 538 238 206 7
38.661 1 WP_MOVED 15 370023.6875 1847537.25 470. 55
38.661 1 BAT 0 120 0 1 108 108 0
38.662 1 NAVIGATION 4 1 -27 120 0. 15182.3
38.662 1 GPS 3 37012686 184736226 2995 32218 4 13 432386751 55 0
38.663 1 SVINFO 4 7 13 7 34 25 58
38.663 1 IR_SENSORS 32 14 -13 34 78
38.663 1 DOWNLINK_STATUS 38 17343 884 0 472. 24. 60.16
38.663 1 CALIBRATION 0. 1
38.713 1 ALIVE 167,70,52,13,53,211,83,122,173,241,111,71,190,87,168,60
38.793 1 NAVIGATION 4 1 -28 120 0. 15251.1
38.825 1 ATTITUDE 0.394647 -1.055924 -0.173149
38.827 1 PPRZ_MODE 2 3 3 2 0 6
38.829 1 GPS 3 37012675 184736248 3016 32215 30 5 432386999 55 0
38.857 1 CIRCLE -50 272 75
38.906 1 ESTIMATOR 322.275208 -0.090279
38.971 1 DESIRED 0.03 0.15 5.4 -114. 187. 470. 2.
39.091 1 WP_MOVED 16 370496. 1847326.875 470. 55
39.092 1 NAVIGATION 4 1 -28 120 0. 15318.3
39.092 1 GPS 3 37012665 184736262 2999 32217 16 21 432387251 55 0
39.289 1 COMMANDS 0,2109,5154,0
39.305 1 NAVIGATION 4 1 -28 120 0. 15353.8
39.321 1 ATTITUDE 0.308007 -1.048943 -0.186631
39.337 1 DL_VALUE 42 1.
39.339 1 GPS 3 37012660 184736273 3046 32210 23 18 432387499 55 0
39.341 1 SVINFO 7 25 13 4 28 10 43
39.385 1 FBW_STATUS 2 1 120
39.401 1 ESTIMATOR 322.173767 -0.128868
39.618 1 WP_MOVED 0 370197. 1847284. 470. 55
39.638 1 NAVIGATION 4 1 -28 120 0. 15387.5
39.639 1 GPS 3 37012653 184736284 3074 32209 12 3 432387751 55 0
39.639 1 DOWNLINK_STATUS 39 17792 907 0 449. 23. 60.16
39.640 1 BAT 0 120 0 1 109 109 0
39.788 1 NAVIGATION 4 1 -28 120 0. 15421.2
39.836 1 ATTITUDE 0.215149 -0.918043 -0.213395
39.837 1 IR_SENSORS 19 -2 -15 12 72
39.837 1 GPS 3 37012650 184736293 3103 32204 11 21 432387999 55 0
39.915 1 ESTIMATOR 322.077545 -0.15048
39.916 1 CIRCLE -50 272 75
40.162 1 WP_MOVED 1 370155. 1847242. 470. 55
40.163 1 DESIRED 0. 0.15 5.4 -114. 187. 470. 2.
40.163 1 NAVIGATION 4 1 -28 120 0. 15423.
40.163 1 GPS 3 37012648 184736305 3128 32201 22 3 432388251 55 0
40.297 1 COMMANDS 0,1033,6653,0
40.299 1 NAVIGATION 4 1 -28 121 0. 15455.
40.329 1 ATTITUDE 0.115695 -0.823796 -0.265324
40.331 1 GPS 3 37012643 184736310 3111 32199 26 1 432388499 55 0
40.377 1 FBW_STATUS 2 1 120
40.411 1 ESTIMATOR 321.991669 -0.157203
40.413 1 GPS_SOL 536 235 206 7
40.609 1 WP_MOVED 2 370104.59375 1847514.25 470. 55
40.638 1 NAVIGATION 4 1 -28 121 0. 15487.1
40.639 1 GPS 3 37012640 184736310 3208 32199 16 26 432388751 55 0
40.639 1 DOWNLINK_STATUS 40 18221 928 0 429. 21. 60.16
40.713 1 BAT 0 120 0 1 110 110 0
40.715 1 CALIBRATION 0. 1
40.793 1 NAVIGATION 4 1 -28 121 0. 15488.9
40.825 1 ATTITUDE 0.06282 -0.684169 -0.306499
40.841 1 DL_VALUE 43 0.
40.843 1 GPS 3 37012668 184736284 3128 32229 18 27 432388999 55 0
40.845 1 SVINFO 4 7 13 7 36 25 58
40.906 1 ESTIMATOR 322.027832 -0.073405
40.958 1 CIRCLE -50 272 75
41.179 1 WP_MOVED 3 370252.6875 1847348.25 470. 55
41.180 1 IR_SENSORS 17 -15 -24 1 78
41.180 1 NAVIGATION 4 1 -28 120 0. 15412.4
41.194 1 GPS 3 37012655 184736285 3046 32221 11 12 432389251 55 0
41.293 1 COMMANDS 0,703,6795,0
41.310 1 NAVIGATION 4 1 -28 120 0. 15419.5
41.321 1 ATTITUDE 0.075311 -0.966913 -0.291308
41.337 1 GPS 3 37012677 184736262 3101 32247 7 37 432389499 55 0
41.385 1 FBW_STATUS 2 1 120
41.401 1 ESTIMATOR 322.173462 0.054285
41.403 1 DOWNLINK 0 458 8682
41.627 1 WP_MOVED 4 369815.1875 1847457.375 470. 55
41.627 1 NAVIGATION 4 1 -28 120 0. 15346.7
41.627 1 GPS 3 37012696 184736247 3142 32272 4 32 432389751 55 0
41.628 1 DOWNLINK_STATUS 41 18646 951 0 425. 23. -4945.21
41.785 1 NAVIGATION 4 1 -28 120 0. 15306.
41.851 1 ATTITUDE 0.138377 -0.799361 -0.267814
41.853 1 BAT 0 120 0 1 111 111 0
41.860 1 GPS 3 37012706 184736236 3141 32295 10 15 432389999 55 0
41.906 1 ESTIMATOR 322.538452 0.284594
42.157 1 WP_MOVED 5 370218.8125 1847562.625 470. 55
42.158 1 CIRCLE -50 272 75
42.158 1 NAVIGATION 4 1 -27 120 0. 15270.6
42.158 1 GPS 3 37012715 184736232 3096 32315 2 16 432390251 55 0
42.159 1 SVINFO 2 8 13 6 31 45 101
42.159 1 DESIRED -0.02 0.15 5.4 -114. 187. 470. 2.
42.213 1 IR_SENSORS 23 -5 -21 13 78
42.290 1 COMMANDS 0,1878,6564,0
42.293 1 NAVIGATION 4 1 -27 120 0. 15265.4
42.322 1 ATTITUDE 0.23764 -0.879646 -0.267814
42.326 1 DL_VALUE 44 0.1
42.338 1 GPS 3 37012717 184736223 3062 32329 13 24 432390499 55 0
42.386 1 FBW_STATUS 2 1 120
42.402 1 ESTIMATOR 322.981018 0.486738
42.418 1 GPS_SOL 544 247 206 7
42.482 1 ACTUATORS 1100,0,1808,1500,1413,0,1413
42.498 1 WP_MOVED 6 370351.6875 1847259.75 470. 55
42.864 1 NAVIGATION 4 1 -27 120 0. 15235.3
42.865 1 GPS 3 37012683 184736247 3049 32307 8 30 432390751 55 0
42.865 1 SVINFO 4 7 13 7 35 25 58
42.865 1 NAVIGATION 4 1 -28 120 0. 15313.
42.865 1 DOWNLINK_STATUS 42 19155 977 0 509. 26. -4945.21
42.866 1 ATTITUDE 0.360599 -0.961676 -0.250072
42.866 1 CALIBRATION 0. 1
42.886 1 GPS 3 37012697 184736239 3001 32328 5 20 432390999 55 0
42.887 1 SVINFO 5 15 13 7 43 28 240
43.074 1 ESTIMATOR 323.232178 0.493779
43.075 1 BAT 0 120 0 1 112 112 0
43.075 1 WP_MOVED 7 370352.5 1847557.25 470. 55
43.075 1 NAVIGATION 4 1 -28 120 0. 15275.9
43.075 1 CIRCLE -50 272 75
43.087 1 GPS 3 37012711 184736229 3074 32339 15 32 432391251 55 0
43.166 1 DESIRED 0.03 0.15 5.4 -114. 187. 470. 2.
43.294 1 COMMANDS 0,3126,6901,0
43.299 1 NAVIGATION 4 1 -27 120 0. 15237.1
43.326 1 ATTITUDE 0.44569 -0.918043 -0.267814
43.327 1 GPS 3 37012720 184736217 3182 32344 21 21 432391499 55 0
43.374 1 FBW_STATUS 2 1 120
43.406 1 ESTIMATOR 323.476349 0.490421
43.407 1 IR_SENSORS 38 10 -21 36 78
43.502 1 WP_MOVED 8 369720.90625 1847611.25 470. 55
43.590 1 NAVIGATION 4 1 -27 120 0. 15203.6
43.590 1 GPS 3 37012726 184736201 3086 32354 13 16 432391751 55 0
43.710 1 ALIVE 167,70,52,13,53,211,83,122,173,241,111,71,190,87,168,60
43.790 1 NAVIGATION 4 1 -27 120 0. 15170.1
43.822 1 ATTITUDE 0.544726 -0.897099 -0.265324
43.823 1 DL_VALUE 45 75.
43.838 1 PPRZ_MODE 2 3 3 2 0 6
43.839 1 GPS 3 37012727 184736193 3093 32353 17 2 432391999 55 0
43.841 1 DOWNLINK_STATUS 43 19687 1004 0 532. 27. -4945.21
43.902 1 ESTIMATOR 323.653717 0.442292
44.014 1 WP_MOVED 9 369613.6875 1847322.375 470. 55
44.076 1 BAT 0 120 0 1 113 113 0
44.077 1 NAVIGATION 4 1 -27 119 0. 15138.3
44.098 1 GPS 3 37012724 184736191 3125 32352 14 -2 432392251 55 0
44.099 1 CIRCLE -50 272 75
44.208 1 DESIRED -0. 0.15 5.4 -114. 187. 470. 2.
44.286 1 COMMANDS 0,4402,6797,0
44.302 1 NAVIGATION 4 1 -27 119 0. 15140.1
44.318 1 ATTITUDE 0.572092 -0.829031 -0.236799
44.334 1 GPS 3 37012686 184736217 3124 32316 8 -3 432392499 55 0
44.386 1 FBW_STATUS 2 1 120
44.414 1 ESTIMATOR 323.615814 0.25933
44.424 1 GPS_SOL 540 243 206 7
44.510 1 WP_MOVED 10 370104.09375 1847401.25 470. 55
44.582 1 NAVIGATION 4 1 -28 120 0. 15221.
44.595 1 GPS 3 37012659 184736236 3108 32289 9 0 432392751 55 0
44.612 1 IR_SENSORS 42 17 -18 44 73
44.782 1 NAVIGATION 4 1 -28 120 0. 15297.1
44.830 1 ATTITUDE 0.592432 -0.858702 -0.275411
44.832 1 GPS 3 37012675 184736224 3111 32301 12 8 432392999 55 0
44.837 1 DOWNLINK_STATUS 44 20116 1025 0 429. 21. -4945.21
44.910 1 ESTIMATOR 323.349884 -0.003912
44.912 1 CALIBRATION 0. 1
45.006 1 WP_MOVED 11 369922.6875 1847503.125 470. 55
45.168 1 NAVIGATION 4 1 -28 120 0. 15258.1
45.169 1 GPS 3 37012658 184736233 3010 32287 18 6 432393251 55 0
45.169 1 BAT 0 120 0 1 114 114 0
45.169 1 CIRCLE -50 272 75
45.264 1 DESIRED -0.01 0.15 5.4 -114. 187. 470. 2.
45.294 1 COMMANDS 0,4528,7948,0
45.300 1 NAVIGATION 4 1 -28 120 0. 15297.1
45.326 1 ATTITUDE 0.592432 -1.029745 -0.313223
45.328 1 DL_VALUE 46 0.
45.332 1 GPS 3 37012676 184736217 2949 32306 23 3 432393499 55 0
45.374 1 FBW_STATUS 2 1 120
45.406 1 ESTIMATOR 323.152527 -0.130528
45.502 1 WP_MOVED 12 370245.8125 1847206.75 470. 55
45.627 1 NAVIGATION 4 1 -28 120 0. 15228.1
45.628 1 GPS 3 37012684 184736204 2918 32320 3 -3 432393751 55 0
45.790 1 NAVIGATION 4 1 -28 120 0. 15192.8
45.839 1 DOWNLINK_STATUS 45 20485 1044 0 369. 19. -4945.21
45.848 1 ATTITUDE 0.55028 -1.190315 -0.305562
45.850 1 IR_SENSORS 43 12 -23 41 75
45.851 1 GPS 3 37012694 184736193 2895 32330 10 -5 432393999 55 0
45.853 1 SVINFO 1 4 13 4 30 60 112
45.896 1 ESTIMATOR 323.166138 -0.075053
46.008 1 WP_MOVED 13 369892.6875 1847341.25 50. 55
46.010 1 NAVIGATION_REF 370155 1847242 55
46.118 1 NAVIGATION 4 1 -28 119 0. 15157.5
46.118 1 GPS 3 37012699 184736183 2858 32344 10 -7 432394251 55 0
46.119 1 PONG 
46.217 1 CIRCLE -50 272 75
46.221 1 BAT 0 120 0 1 115 115 0
46.301 1 COMMANDS 0,3177,7476,0
46.302 1 NAVIGATION 4 1 -28 119 0. 15154.
46.331 1 ATTITUDE 0.49752 -1.295034 -0.305562
46.344 1 DESIRED 0.08 0.15 5.4 -114. 187. 470. 2.
46.346 1 GPS 3 37012702 184736178 2815 32361 12 0 432394499 55 0
46.376 1 FBW_STATUS 2 1 120
46.408 1 ESTIMATOR 323.33371 0.065975
46.410 1 GPS_SOL 544 244 206 7
46.504 1 WP_MOVED 14 370231.59375 1847282.625 470. 55
46.506 1 DOWNLINK 0 453 8800
46.622 1 NAVIGATION 4 1 -27 119 0. 15122.3
46.623 1 GPS 3 37012673 184736202 2865 32331 8 -14 432394751 55 0
46.792 1 NAVIGATION 4 1 -28 120 0. 15199.8
46.824 1 ATTITUDE 0.451581 -1.282817 -0.300713
46.839 1 DOWNLINK_STATUS 46 20978 1070 0 493. 26. 50.89
46.841 1 DL_VALUE 47 0.
46.842 1 GPS 3 37012690 184736202 2968 32350 13 1 432394999 55 0
46.844 1 SVINFO 5 15 13 7 44 28 240
46.904 1 ESTIMATOR 323.39447 0.088173
47.016 1 WP_MOVED 15 370023.6875 1847537.25 470. 55
47.018 1 IR_SENSORS 34 4 -22 28 72
47.019 1 CALIBRATION 0. 1
47.121 1 NAVIGATION 4 1 -28 120 0. 15189.3
47.122 1 GPS 3 37012702 184736197 3021 32363 15 6 432395251 55 0
47.257 1 CIRCLE -50 272 75
47.289 1 COMMANDS 0,2573,7366,0
47.309 1 NAVIGATION 4 1 -27 120 0. 15182.3
47.339 1 ATTITUDE 0.384737 -1.010546 -0.303441
47.340 1 BAT 0 120 0 1 117 117 0
47.340 1 GPS 3 37012709 184736191 3035 32378 4 2 432395499 55 0
47.368 1 DESIRED 0.02 0.15 5.4 -114. 187. 470. 2.
47.384 1 FBW_STATUS 2 1 120
47.400 1 ESTIMATOR 323.585449 0.189029
47.496 1 ACTUATORS 1100,0,1829,1500,1387,0,1387
47.511 1 WP_MOVED 16 370496. 1847326.875 470. 55
47.629 1 NAVIGATION 4 1 -27 119 0. 15148.8
47.629 1 GPS 3 37012740 184736161 3032 32413 9 -1 432395751 55 0
47.738 1 WIND_INFO 1 42 0. 0. 0.
47.783 1 NAVIGATION 4 1 -27 119 0. 15071.6
47.842 1 ATTITUDE 0.367459 -0.991347 -0.325459
47.844 1 WIND_INFO_RET 0. 0. 0.
47.846 1 GPS 3 37012736 184736155 3055 32415 8 0 432395999 55 0
47.848 1 DOWNLINK_STATUS 47 21496 1096 0 518. 26. 50.89
47.906 1 ESTIMATOR 323.930878 0.356148
48.002 1 WP_MOVED 0 370197. 1847284. 470. 55
48.144 1 NAVIGATION 4 1 -27 119 0. 15043.4
48.144 1 GPS 3 37012732 184736153 3073 32406 25 -20 432396251 55 0
48.214 1 IR_SENSORS 33 -1 -25 24 72
48.290 1 COMMANDS 0,2620,8110,0
48.297 1 NAVIGATION 4 1 -27 119 0. 15046.8
48.322 1 ATTITUDE 0.359199 -0.919789 -0.354539
48.338 1 CIRCLE -50 272 75
48.340 1 DL_VALUE 48 0.
48.346 1 GPS 3 37012729 184736150 3069 32401 6 11 432396499 55 0
48.386 1 FBW_STATUS 2 1 120
48.446 1 ESTIMATOR 324.09079 0.341099
48.449 1 DESIRED 0. 0.15 5.4 -114. 187. 470. 2.
48.451 1 BAT 0 120 0 1 118 118 0
48.452 1 GPS_SOL 545 244 206 7
48.510 1 WP_MOVED 1 370155. 1847242. 470. 55
48.632 1 NAVIGATION 4 1 -27 119 0. 15048.6
48.633 1 GPS 3 37012727 184736148 3170 32406 11 9 432396751 55 0
48.702 1 ALIVE 167,70,52,13,53,211,83,122,173,241,111,71,190,87,168,60
48.782 1 NAVIGATION 4 1 -27 119 0. 15048.6
48.830 1 ATTITUDE 0.333794 -0.750491 -0.390899
48.832 1 PPRZ_MODE 2 3 3 2 0 6
48.834 1 GPS 3 37012732 184736140 3069 32412 33 27 432396999 55 0
48.847 1 DOWNLINK_STATUS 48 21971 1120 0 475. 24. 50.89
48.894 1 ESTIMATOR 324.193909 0.295502
49.006 1 WP_MOVED 2 370104.59375 1847514.25 470. 55
49.154 1 NAVIGATION 4 1 -27 119 0. 15017.
49.154 1 GPS 3 37012737 184736132 2964 32420 18 20 432397251 55 0
49.154 1 CALIBRATION 0. 1
49.294 1 COMMANDS 0,2439,8646,0
49.296 1 NAVIGATION 4 1 -27 119 0. 15013.5
49.341 1 ATTITUDE 0.330108 -1.110029 -0.409581
49.343 1 GPS 3 37012741 184736131 3063 32414 20 22 432397499 55 0
49.345 1 SVINFO 1 4 13 4 32 60 112
49.357 1 CIRCLE -50 272 75
49.389 1 FBW_STATUS 2 1 120
49.405 1 ESTIMATOR 324.26886 0.244046
49.407 1 IR_SENSORS 35 -6 -30 21 73
49.469 1 DESIRED 0.04 0.15 5.4 -114. 187. 470. 2.
49.517 1 WP_MOVED 3 370252.6875 1847348.25 470. 55
49.519 1 BAT 0 120 0 1 119 119 0
49.533 1 NAVIGATION 4 1 -27 119 0. 14982.
49.636 1 GPS 3 37012770 184736108 3103 32436 9 18 432397751 55 0
49.791 1 NAVIGATION 4 1 -27 119 0. 14936.7
49.852 1 ATTITUDE 0.310602 -0.867429 -0.37696
49.853 1 DL_VALUE 49 0.
49.853 1 GPS 3 37012790 184736090 3123 32449 9 10 432397999 55 0
49.853 1 SVINFO 1 4 13 4 31 60 112
49.854 1 DOWNLINK_STATUS 49 22433 1144 0 462. 24. 50.89
49.899 1 ESTIMATOR 324.425903 0.26889
50.007 1 WP_MOVED 4 369815.1875 1847457.375 470. 55
50.152 1 NAVIGATION 4 1 -27 118 0. 14865.3
50.153 1 GPS 3 37012805 184736073 3145 32457 16 -1 432398251 55 0
50.153 1 SVINFO 2 8 13 6 30 45 101
50.297 1 COMMANDS 0,2492,8175,0
50.297 1 NAVIGATION 4 1 -26 118 0. 14827.2
50.327 1 ATTITUDE 0.317411 -0.794125 -0.362259
50.329 1 GPS 3 37012834 184736045 3143 32480 26 9 432398499 55 0
50.375 1 FBW_STATUS 2 1 120
50.407 1 ESTIMATOR 324.645996 0.329523
50.423 1 CIRCLE -50 272 75
50.425 1 GPS_SOL 552 251 206 7
50.519 1 WP_MOVED 5 370218.8125 1847562.625 470. 55
50.522 1 DESIRED -0.02 0.15 5.4 -113. 187. 470. 2.
50.535 1 NAVIGATION 4 1 -26 118 0. 14752.8
50.651 1 GPS 3 37012860 184736017 3154 32506 17 12 432398751 55 0
50.652 1 BAT 0 120 0 1 120 120 0
50.652 1 IR_SENSORS 31 -4 -26 20 72
50.791 1 NAVIGATION 4 1 -26 118 0. 14650.8
50.823 1 ATTITUDE 0.341457 -0.778417 -0.338297
50.839 1 GPS 3 37012880 184735985 3260 32530 16 35 432398999 55 0
50.842 1 SVINFO 5 15 13 7 43 28 240
50.851 1 DOWNLINK_STATUS 50 22890 1167 0 457. 23. 50.89
50.903 1 ESTIMATOR 325.027405 0.477611
50.999 1 WP_MOVED 6 370351.6875 1847259.75 470. 55
51.031 1 NAVIGATION 4 1 -26 117 0. 14580.3
51.165 1 GPS 3 37012897 184735956 3365 32557 20 30 432399251 55 0
51.166 1 PONG 
51.212 1 CALIBRATION 0. 1
51.293 1 COMMANDS 0,3377,7666,0
51.308 1 NAVIGATION 4 1 -26 117 0. 14483.9
51.349 1 ATTITUDE 0.385324 -0.410152 -0.343324
51.349 1 DL_VALUE 50 0.
51.350 1 GPS 3 37012903 184735935 3329 32576 10 19 432399499 55 0
51.350 1 SVINFO 7 25 13 4 29 10 43
51.377 1 FBW_STATUS 2 1 120
51.409 1 ESTIMATOR 325.506042 0.639381
51.457 1 CIRCLE -50 272 75
51.505 1 WP_MOVED 7 370352.5 1847557.25 470. 55
51.537 1 NAVIGATION 4 1 -25 117 0. 14451.3
51.649 1 DESIRED -0.09 0.15 5.4 -113. 186. 470. 2.
51.649 1 GPS 3 37012909 184735917 3252 32586 14 29 432399751 55 0
51.649 1 DOWNLINK 0 463 8921
51.702 1 BAT 0 120 0 1 121 121 0
51.796 1 NAVIGATION 4 1 -25 117 0. 14389.4
51.825 1 ATTITUDE 0.407134 -0.607375 -0.365134
51.827 1 IR_SENSORS 34 0 -25 25 67
51.841 1 GPS 3 37012921 184735902 3284 32601 4 53 432399999 55 0
51.855 1 DOWNLINK_STATUS 51 23355 1192 0 465. 25. 52.99
51.905 1 ESTIMATOR 325.923889 0.704784
52.001 1 WP_MOVED 8 369720.90625 1847611.25 470. 55
52.033 1 NAVIGATION 4 1 -25 117 0. 14353.7
52.159 1 GPS 3 37012971 184735858 3301 32661 13 27 432400251 55 0
52.290 1 COMMANDS 0,3538,9309,0
52.307 1 NAVIGATION 4 1 -25 116 0. 14240.5
52.321 1 ATTITUDE 0.398771 -0.521853 -0.421999
52.328 1 GPS 3 37013001 184735833 3330 32682 13 31 432400499 55 0
52.385 1 FBW_STATUS 2 1 120
52.403 1 ESTIMATOR 326.550873 0.889018
52.419 1 GPS_SOL 530 252 250 6
52.497 1 ACTUATORS 1100,0,1906,1500,1364,0,1364
52.513 1 WP_MOVED 9 369613.6875 1847322.375 470. 55
52.515 1 CIRCLE -50 272 75
52.545 1 NAVIGATION 4 1 -25 116 0. 14168.1
52.653 1 GPS 3 37013023 184735815 3317 32687 7 37 432400751 55 0
52.653 1 SVINFO 1 4 13 6 33 60 112
52.654 1 DESIRED -0.09 0.15 5.4 -112. 186. 470. 2.
52.785 1 NAVIGATION 4 1 -24 116 0. 14099.1
52.845 1 ATTITUDE 0.304625 -0.493928 -0.397918
52.847 1 BAT 0 120 0 1 122 122 0
52.849 1 DL_VALUE 51 0.
52.850 1 GPS 3 37013034 184735806 3294 32687 11 29 432400999 55 0
52.861 1 DOWNLINK_STATUS 52 23814 1215 0 459. 23. 52.99
52.909 1 ESTIMATOR 326.983398 0.876355
53.005 1 WP_MOVED 10 370104.09375 1847401.25 470. 55
53.021 1 IR_SENSORS 33 -7 -30 19 73
53.037 1 NAVIGATION 4 1 -24 116 0. 14063.9
53.156 1 GPS 3 37013045 184735802 3185 32692 10 47 432401251 55 0
53.298 1 COMMANDS 0,3237,8763,0
53.299 1 NAVIGATION 4 1 -24 116 0. 14059.3
53.333 1 ATTITUDE 0.355223 -0.724312 -0.397918
53.334 1 CALIBRATION 0. 1
53.334 1 GPS 3 37013049 184735794 3134 32694 13 46 432401499 55 0
53.388 1 FBW_STATUS 2 1 120
53.404 1 ESTIMATOR 327.218842 0.736701
53.500 1 WP_MOVED 11 369922.6875 1847503.125 470. 55
53.532 1 NAVIGATION 4 1 -24 116 0. 14056.2
53.548 1 CIRCLE -50 272 75
53.675 1 GPS 3 37013050 184735790 3134 32696 21 20 432401751 55 0
53.676 1 DESIRED -0.02 0.15 5.4 -112. 186. 470. 2.
53.720 1 ALIVE 167,70,52,13,53,211,83,122,173,241,111,71,190,87,168,60
53.788 1 NAVIGATION 4 1 -24 115 0. 14027.3
53.820 1 ATTITUDE 0.384198 -0.813323 -0.414567
53.836 1 PPRZ_MODE 2 3 3 2 0 6
53.838 1 GPS 3 37013051 184735792 3150 32698 27 23 432401999 55 0
53.840 1 SVINFO 1 4 13 6 32 60 112
53.863 1 DOWNLINK_STATUS 53 24268 1238 0 454. 23. 52.99
53.916 1 ESTIMATOR 327.310822 0.548536
53.918 1 BAT 0 120 0 1 123 123 0
54.012 1 WP_MOVED 12 370245.8125 1847206.75 470. 55
54.044 1 NAVIGATION 4 1 -24 115 0. 14027.3
54.153 1 GPS 3 37013047 184735795 3150 32697 8 31 432402251 55 0
54.153 1 SVINFO 2 8 13 4 29 45 101
54.211 1 IR_SENSORS 38 -6 -33 24 72
54.306 1 COMMANDS 0,2963,9389,0
54.307 1 NAVIGATION 4 1 -24 116 0. 14057.8
54.323 1 ATTITUDE 0.371751 -0.785398 -0.437762
54.324 1 DL_VALUE 52 150.
54.333 1 GPS 3 37013043 184735795 3245 32699 13 62 432402499 55 0
54.380 1 FBW_STATUS 2 1 120
54.412 1 ESTIMATOR 327.303741 0.358024
54.414 1 GPS_SOL 524 244 250 6
54.508 1 WP_MOVED 13 369892.6875 1847341.25 50. 55
54.540 1 NAVIGATION 4 1 -24 116 0. 14059.3
54.657 1 GPS 3 37013036 184735797 3291 32696 7 39 432402751 55 0
54.658 1 CIRCLE -50 272 75
54.721 1 DESIRED -0.06 0.15 5.4 -112. 186. 470. 2.
54.796 1 NAVIGATION 4 1 -24 116 0. 14062.4
54.840 1 ATTITUDE 0.397607 -0.539307 -0.430251
54.842 1 GPS 3 37013025 184735807 3309 32685 24 15 432402999 55 0
54.844 1 SVINFO 5 15 13 7 44 28 240
54.863 1 DOWNLINK_STATUS 54 24736 1262 0 468. 24. 52.99
54.904 1 ESTIMATOR 327.201538 0.165891
55.016 1 WP_MOVED 14 370231.59375 1847282.625 470. 55
55.018 1 BAT 0 120 0 1 124 124 0
55.032 1 NAVIGATION_REF 370155 1847242 55
55.034 1 NAVIGATION 4 1 -24 116 0. 14097.6
55.157 1 GPS 3 37013019 184735813 3351 32676 7 34 432403251 55 0
55.289 1 COMMANDS 0,3597,8749,0
55.309 1 NAVIGATION 4 1 -24 116 0. 14100.7
55.322 1 ATTITUDE 0.433077 -0.434587 -0.40385
55.323 1 GPS 3 37013011 184735820 3375 32672 7 38 432403499 55 0
55.384 1 FBW_STATUS 2 1 120
55.416 1 ESTIMATOR 327.010498 -0.018929
55.418 1 IR_SENSORS 35 -1 -27 25 69
55.420 1 CALIBRATION 0. 1
55.512 1 WP_MOVED 15 370023.6875 1847537.25 470. 55
55.544 1 NAVIGATION 4 1 -24 116 0. 14132.8
55.684 1 GPS 3 37012999 184735833 3325 32671 11 24 432403751 55 0
55.685 1 CIRCLE -50 272 75
55.768 1 DESIRED -0.11 0.15 5.4 -112. 186. 470. 2.
55.784 1 NAVIGATION 4 1 -25 116 0. 14168.1
55.816 1 ATTITUDE 0.430506 -0.479966 -0.351024
55.818 1 DL_VALUE 0 470.
55.832 1 GPS 3 37012987 184735845 3339 32670 6 37 432403999 55 0
55.867 1 DOWNLINK_STATUS 55 25185 1285 0 449. 23. 52.99
55.896 1 ESTIMATOR 326.845795 -0.122806
56.008 1 WP_MOVED 16 370496. 1847326.875 470. 55
56.040 1 NAVIGATION 4 1 -25 116 0. 14203.5
56.074 1 GPS 3 37012975 184735860 3392 32665 11 36 432404251 55 0
56.189 1 BAT 0 120 0 1 125 125 0
56.189 1 PONG 
56.296 1 COMMANDS 0,3835,7647,0
56.298 1 NAVIGATION 4 1 -25 116 0. 14239.
56.312 1 ATTITUDE 0.418131 -0.363028 -0.338297
56.328 1 GPS 3 37012964 184735868 3340 32656 6 42 432404499 55 0
56.376 1 FBW_STATUS 2 1 120
56.408 1 ESTIMATOR 326.681915 -0.192535
56.410 1 GPS_SOL 524 243 250 6
56.504 1 WP_MOVED 0 370197. 1847284. 470. 55
56.536 1 NAVIGATION 4 1 -25 116 0. 14245.3
56.685 1 GPS 3 37012952 184735875 3319 32637 25 26 432404751 55 0
56.686 1 IR_SENSORS 37 0 -27 27 70
56.729 1 CIRCLE -50 272 75
56.729 1 DOWNLINK 0 446 9038
56.793 1 NAVIGATION 4 1 -25 116 0. 14279.2
56.824 1 ATTITUDE 0.408771 -0.490437 -0.390899
56.840 1 DESIRED -0.09 0.15 5.4 -113. 186. 470. 2.
56.843 1 GPS 3 37012944 184735879 3415 32627 11 30 432404999 55 0
56.871 1 DOWNLINK_STATUS 56 25631 1308 0 446. 23. 63.52
56.904 1 ESTIMATOR 326.43396 -0.295013
57.000 1 WP_MOVED 1 370155. 1847242. 470. 55
57.032 1 NAVIGATION 4 1 -25 116 0. 14284.
57.082 1 GPS 3 37012938 184735888 3395 32623 17 25 432405251 55 0
57.225 1 BAT 0 120 0 1 126 126 0
57.289 1 COMMANDS 0,3974,8904,0
57.304 1 NAVIGATION 4 1 -25 116 0. 14316.4
57.320 1 ATTITUDE 0.396539 -0.357793 -0.402791
57.322 1 DL_VALUE 1 0.
57.336 1 GPS 3 37012929 184735900 3392 32620 7 24 432405499 55 0
57.384 1 FBW_STATUS 2 1 120
57.400 1 ESTIMATOR 326.231049 -0.331133
57.496 1 ACTUATORS 1100,0,1890,1500,1341,0,1341
57.512 1 WP_MOVED 2 370104.59375 1847514.25 470. 55
57.514 1 CALIBRATION 0. 1
57.544 1 NAVIGATION 4 1 -25 117 0. 14350.5
57.576 1 GPS 3 37012925 184735906 3432 32614 9 24 432405751 55 0
57.743 1 WIND_INFO 1 42 0. 0. 0.
57.753 1 CIRCLE -50 272 75
57.784 1 NAVIGATION 4 1 -25 117 0. 14352.1
57.832 1 ATTITUDE 0.408771 -0.293215 -0.366771
57.858 1 IR_SENSORS 37 0 -27 27 72
57.860 1 GPS 3 37012924 184735910 3337 32606 22 19 432405999 55 0
57.865 1 SVINFO 1 4 13 6 33 60 112
57.866 1 WIND_INFO_RET 0. 0. 0.
57.866 1 DESIRED -0.13 0.15 5.4 -113. 186. 470. 2.
57.871 1 DOWNLINK_STATUS 57 26118 1333 0 487. 25. 63.52
57.906 1 ESTIMATOR 326.061951 -0.333416
58.002 1 WP_MOVED 3 370252.6875 1847348.25 470. 55
58.034 1 NAVIGATION 4 1 -25 117 0. 14381.3
58.083 1 GPS 3 37012921 184735916 3332 32598 15 -3 432406251 55 0
58.291 1 COMMANDS 0,3942,8202,0
58.296 1 NAVIGATION 4 1 -25 117 0. 14382.9
58.322 1 ATTITUDE 0.432899 -0.467748 -0.354539
58.328 1 BAT 0 120 0 1 128 128 0
58.338 1 GPS 3 37012922 184735917 3310 32587 7 8 432406499 55 0
58.386 1 FBW_STATUS 2 1 120
58.402 1 ESTIMATOR 325.888489 -0.338486
58.418 1 GPS_SOL 524 243 250 6
58.498 1 WP_MOVED 4 369815.1875 1847457.375 470. 55
58.546 1 NAVIGATION 4 1 -25 117 0. 14382.9
58.578 1 GPS 3 37012920 184735922 3302 32576 32 -23 432406751 55 0
58.713 1 ALIVE 167,70,52,13,53,211,83,122,173,241,111,71,190,87,168,60
58.787 1 NAVIGATION 4 1 -25 117 0. 14413.8
58.834 1 ATTITUDE 0.454892 -0.520108 -0.338297
58.836 1 CIRCLE -50 272 75
58.838 1 DL_VALUE 2 0.
58.850 1 PPRZ_MODE 2 3 3 2 0 6
58.852 1 GPS 3 37012919 184735927 3342 32567 6 8 432406999 55 0
58.855 1 SVINFO 5 15 13 7 43 28 240
58.875 1 DOWNLINK_STATUS 59 26557 1356 0 439. 23. 63.52
58.913 1 ESTIMATOR 325.694946 -0.354845
58.915 1 DESIRED -0.08 0.15 5.4 -113. 186. 470. 2.
59.009 1 WP_MOVED 5 370218.8125 1847562.625 470. 55
59.011 1 IR_SENSORS 36 5 -23 30 70
59.041 1 NAVIGATION 4 1 -25 117 0. 14413.8
59.074 1 GPS 3 37012919 184735929 3323 32551 9 -12 432407251 55 0
59.300 1 COMMANDS 0,4252,7676,0
59.300 1 NAVIGATION 4 1 -25 117 0. 14413.8
59.313 1 ATTITUDE 0.484244 -0.483456 -0.303441
59.329 1 GPS 3 37012921 184735927 3242 32538 11 -5 432407499 55 0
59.377 1 FBW_STATUS 2 1 120
59.409 1 ESTIMATOR 325.455902 -0.396886
59.411 1 BAT 0 120 0 1 129 129 0
59.505 1 WP_MOVED 6 370351.6875 1847259.75 470. 55
59.537 1 NAVIGATION 4 1 -25 117 0. 14412.2
59.585 1 GPS 3 37012916 184735930 3207 32524 2 -10 432407751 55 0
59.698 1 CALIBRATION 0. 1
59.793 1 NAVIGATION 4 1 -25 117 0. 14415.5
59.825 1 ATTITUDE 0.484244 -0.685914 -0.329751
59.828 1 GPS 3 37012919 184735938 3276 32510 20 -7 432407999 55 0
59.857 1 CIRCLE -50 272 75
59.879 1 DOWNLINK_STATUS 60 26980 1377 0 423. 21. 63.52
59.905 1 ESTIMATOR 325.185333 -0.445931
59.969 1 DESIRED -0.04 0.15 5.4 -113. 186. 470. 2.
60.001 1 WP_MOVED 7 370352.5 1847557.25 470. 55
60.033 1 NAVIGATION 4 1 -25 117 0. 14443.2
60.081 1 GPS 3 37012918 184735943 3235 32503 10 -20 432408251 55 0
60.215 1 IR_SENSORS 38 7 -23 33 69
60.289 1 COMMANDS 0,4250,7904,0
60.296 1 NAVIGATION 4 1 -25 117 0. 14443.2
60.321 1 ATTITUDE 0.50766 -0.637045 -0.338679
60.327 1 DL_VALUE 3 2.
60.330 1 GPS 3 37012916 184735947 3326 32496 16 -8 432408499 55 0
60.385 1 FBW_STATUS 2 1 120
60.401 1 ESTIMATOR 324.951202 -0.452527
60.417 1 GPS_SOL 523 242 250 6
60.513 1 WP_MOVED 8 369720.90625 1847611.25 470. 55
60.515 1 BAT 0 120 0 1 130 130 0
60.545 1 NAVIGATION 4 1 -25 117 0. 14474.1
60.577 1 GPS 3 37012911 184735952 3236 32485 16 -32 432408751 55 0
60.789 1 NAVIGATION 4 1 -25 117 0. 14475.8
60.819 1 ATTITUDE 0.502475 -0.6353 -0.317199
60.820 1 GPS 3 37012905 184735955 3127 32469 20 -12 432408999 55 0
60.888 1 DOWNLINK_STATUS 61 27408 1398 0 428. 21. 63.52
60.913 1 ESTIMATOR 324.717987 -0.458149
60.916 1 CIRCLE -50 272 75
61.026 1 WP_MOVED 9 369613.6875 1847322.375 470. 55
61.029 1 DESIRED -0.06 0.15 5.4 -113. 186. 470. 2.
61.041 1 NAVIGATION 4 1 -25 117 0. 14479.
61.074 1 GPS 3 37012890 184735965 3112 32451 3 -29 432409251 55 0
61.207 1 PONG 
61.297 1 COMMANDS 0,3849,7262,0
61.299 1 NAVIGATION 4 1 -26 117 0. 14516.5
61.313 1 ATTITUDE 0.49752 -0.851721 -0.317703
61.329 1 GPS 3 37012876 184735976 3122 32437 10 -41 432409499 55 0
61.377 1 FBW_STATUS 2 1 120
61.409 1 ESTIMATOR 324.433197 -0.49593
61.411 1 IR_SENSORS 40 9 -23 36 75
61.505 1 WP_MOVED 10 370104.09375 1847401.25 470. 55
61.538 1 NAVIGATION 4 1 -26 117 0. 14554.1
61.569 1 GPS 3 37012865 184735982 3113 32423 5 -45 432409751 55 0
61.601 1 BAT 0 120 0 1 131 131 0
61.711 1 CALIBRATION 0. 1
61.795 1 NAVIGATION 4 1 -26 117 0. 14588.5
61.853 1 ATTITUDE 0.492925 -0.849975 -0.28291
61.859 1 DL_VALUE 4 1.
61.860 1 DOWNLINK 0 450 9155
61.860 1 GPS 3 37012851 184735993 3042 32412 11 -25 432409999 55 0
61.860 1 SVINFO 1 4 13 7 34 60 112
61.861 1 SVINFO 7 25 12 4 27 10 43
61.887 1 DOWNLINK_STATUS 62 27887 1424 0 479. 26. 68.29
61.901 1 ESTIMATOR 324.14798 -0.520538
61.949 1 CIRCLE -50 272 75
61.997 1 WP_MOVED 11 369922.6875 1847503.125 470. 55
62.045 1 NAVIGATION 4 1 -26 117 0. 14596.8
62.107 1 DESIRED 0.02 0.15 5.4 -113. 187. 470. 2.
62.211 1 GPS 3 37012835 184736002 3051 32391 35 -73 432410251 55 0
62.212 1 SVINFO 2 8 13 4 28 45 100
62.298 1 COMMANDS 0,3470,6495,0
62.304 1 NAVIGATION 4 1 -26 118 0. 14634.6
62.311 1 ATTITUDE 0.488653 -0.958186 -0.226669
62.327 1 GPS 3 37012827 184736013 3076 32368 23 -46 432410499 55 0
62.375 1 FBW_STATUS 2 1 120
62.407 1 ESTIMATOR 323.803619 -0.578831
62.410 1 GPS_SOL 523 239 250 6
62.488 1 ACTUATORS 1100,0,1782,1500,1358,0,1358
62.503 1 WP_MOVED 12 370245.8125 1847206.75 470. 55
62.535 1 NAVIGATION 4 1 -26 118 0. 14667.4
62.583 1 GPS 3 37012821 184736022 3107 32350 8 -41 432410751 55 0
62.585 1 SVINFO 4 7 13 7 36 25 58
62.599 1 IR_SENSORS 36 11 -18 35 79
62.722 1 BAT 0 120 0 1 132 132 0
62.793 1 NAVIGATION 4 1 -26 118 0. 14700.3
62.823 1 ATTITUDE 0.450241 -0.860447 -0.270995
62.825 1 GPS 3 37012820 184736027 3205 32328 26 -20 432410999 55 0
62.891 1 DOWNLINK_STATUS 63 28365 1448 0 478. 24. 68.29
62.903 1 ESTIMATOR 323.410461 -0.649742
63.015 1 WP_MOVED 13 369892.6875 1847341.25 50. 55
63.017 1 CIRCLE -50 272 75
63.031 1 NAVIGATION 4 1 -26 118 0. 14702.
63.082 1 GPS 3 37012818 184736031 3161 32308 5 -44 432411251 55 0
63.083 1 SVINFO 7 25 12 4 29 10 43
63.114 1 DESIRED -0.04 0.15 5.4 -113. 187. 470. 2.
63.288 1 COMMANDS 0,3563,7269,0
63.308 1 NAVIGATION 4 1 -26 118 0. 14702.
63.335 1 ATTITUDE 0.439918 -0.766199 -0.300713
63.337 1 DL_VALUE 5 0.
63.339 1 GPS 3 37012814 184736032 3268 32289 23 -31 432411499 55 0
63.341 1 SVINFO 7 25 12 4 28 10 43
63.383 1 FBW_STATUS 2 1 120
63.399 1 ESTIMATOR 322.990479 -0.713867
63.511 1 WP_MOVED 14 370231.59375 1847282.625 470. 55
63.543 1 NAVIGATION 4 1 -26 118 0. 14734.9
63.575 1 GPS 3 37012813 184736037 3313 32269 15 -57 432411751 55 0
63.723 1 ALIVE 167,70,52,13,53,211,83,122,173,241,111,71,190,87,168,60
63.787 1 NAVIGATION 4 1 -26 118 0. 14734.9
63.857 1 ATTITUDE 0.432899 -0.50091 -0.291794
63.859 1 BAT 0 120 0 1 133 133 0
63.861 1 IR_SENSORS 34 5 -21 29 72
63.863 1 CALIBRATION 0. 1
63.871 1 PPRZ_MODE 2 3 3 2 0 6
63.874 1 GPS 3 37012806 184736041 3233 32255 13 -48 432411999 55 0
63.895 1 DOWNLINK_STATUS 64 28862 1474 0 497. 26. 68.29
63.905 1 ESTIMATOR 322.580902 -0.748252
64.017 1 WP_MOVED 15 370023.6875 1847537.25 470. 55
64.019 1 NAVIGATION_REF 370155 1847242 55
64.033 1 NAVIGATION 4 1 -26 118 0. 14738.3
64.049 1 CIRCLE -50 272 75
64.082 1 GPS 3 37012803 184736044 3262 32238 10 -34 432412251 55 0
64.239 1 DESIRED -0.05 0.15 5.4 -113. 187. 470. 2.
64.293 1 COMMANDS 0,3771,7535,0
64.305 1 NAVIGATION 4 1 -26 118 0. 14769.6
64.321 1 ATTITUDE 0.442761 -0.589921 -0.299457
64.327 1 GPS 3 37012800 184736046 3245 32231 13 -51 432412499 55 0
64.385 1 FBW_STATUS 2 1 120
64.401 1 ESTIMATOR 322.232422 -0.728662
64.417 1 GPS_SOL 522 238 250 6
64.497 1 WP_MOVED 16 370496. 1847326.875 470. 55
64.545 1 NAVIGATION 4 1 -27 118 0. 14771.2
64.577 1 GPS 3 37012796 184736048 3245 32220 1 -43 432412751 55 0
64.788 1 NAVIGATION 4 1 -27 118 0. 14772.9
64.823 1 ATTITUDE 0.478778 -0.619592 -0.299457
64.823 1 DL_VALUE 6 0.
64.833 1 GPS 3 37012797 184736055 3172 32202 15 -33 432412999 55 0
64.899 1 DOWNLINK_STATUS 65 29283 1495 0 421. 21. 68.29
64.912 1 ESTIMATOR 321.946564 -0.676176
64.914 1 BAT 0 120 0 1 134 134 0
65.008 1 WP_MOVED 0 370197. 1847284. 470. 55
65.010 1 IR_SENSORS 37 6 -23 32 72
65.040 1 NAVIGATION 4 1 -27 118 0. 14772.9
65.074 1 GPS 3 37012799 184736064 3279 32190 25 -27 432413251 55 0
65.106 1 CIRCLE -50 272 75
65.236 1 DESIRED -0.03 0.15 5.4 -113. 187. 470. 2.
65.302 1 COMMANDS 0,3727,7501,0
65.303 1 NAVIGATION 4 1 -27 118 0. 14800.9
65.312 1 ATTITUDE 0.464507 -0.560251 -0.317703
65.328 1 GPS 3 37012808 184736069 3366 32173 25 -31 432413499 55 0
65.376 1 FBW_STATUS 2 1 120
65.408 1 ESTIMATOR 321.671906 -0.633816
65.504 1 WP_MOVED 1 370155. 1847242. 470. 55
65.536 1 NAVIGATION 4 1 -26 118 0. 14825.5
65.584 1 GPS 3 37012808 184736074 3449 32161 32 -35 432413751 55 0
65.792 1 NAVIGATION 4 1 -26 118 0. 14825.5
65.824 1 ATTITUDE 0.518967 -0.263545 -0.341702
65.826 1 GPS 3 37012806 184736082 3460 32154 8 -41 432413999 55 0
65.903 1 DOWNLINK_STATUS 66 29695 1515 0 412. 20. 68.29
65.905 1 ESTIMATOR 321.430023 -0.581833
65.907 1 CALIBRATION 0. 1
66.016 1 WP_MOVED 2 370104.59375 1847514.25 470. 55
66.019 1 BAT 0 120 0 1 135 135 0
66.033 1 NAVIGATION 4 1 -26 118 0. 14856.9
66.082 1 GPS 3 37012802 184736090 3512 32139 6 -56 432414251 55 0
66.083 1 SVINFO 2 8 13 4 29 45 100
66.098 1 PONG 
66.234 1 CIRCLE -50 272 75
66.235 1 IR_SENSORS 40 6 -25 34 75
66.263 1 DESIRED -0.14 0.15 5.4 -113. 187. 470. 2.
66.292 1 COMMANDS 0,4529,7593,0
66.309 1 NAVIGATION 4 1 -26 118 0. 14858.6
66.326 1 ATTITUDE 0.464507 -0.153589 -0.329751
66.327 1 DL_VALUE 7 1.
66.342 1 GPS 3 37012796 184736097 9 32128 10 -47 432414499 55 0
66.384 1 FBW_STATUS 2 1 120
66.400 1 ESTIMATOR 321.203888 -0.537807
66.416 1 GPS_SOL 522 237 250 6
66.512 1 WP_MOVED 3 370252.6875 1847348.25 470. 55
66.544 1 NAVIGATION 4 1 -27 119 0. 14891.7
66.576 1 GPS 3 37012791 184736101 67 32123 15 -47 432414751 55 0
66.788 1 NAVIGATION 4 1 -27 119 0. 14895.1
66.816 1 ATTITUDE 0.412926 0.116937 -0.348616
66.832 1 GPS 3 37012788 184736108 166 32113 15 -51 432414999 55 0
66.907 1 DOWNLINK_STATUS 67 30166 1540 0 471. 25. 50.09
66.913 1 ESTIMATOR 321.028107 -0.47482
66.915 1 DOWNLINK 0 463 9276
67.008 1 WP_MOVED 4 369815.1875 1847457.375 470. 55
67.040 1 NAVIGATION 4 1 -27 119 0. 14926.5
67.072 1 GPS 3 37012782 184736112 221 32101 21 -48 432415251 55 0
67.104 1 BAT 0 120 0 1 136 136 0
67.245 1 CIRCLE -50 272 75
67.302 1 COMMANDS 0,5021,8998,0
67.303 1 NAVIGATION 4 1 -27 119 0. 14929.9
67.354 1 ATTITUDE 0.417174 0.385718 -0.408241
67.356 1 DESIRED -0.27 0.15 5.4 -113. 187. 470. 2.
67.363 1 GPS 3 37012782 184736113 295 32092 31 -33 432415499 55 0
67.365 1 SVINFO 7 25 12 4 29 10 43
67.386 1 FBW_STATUS 2 1 120
67.402 1 ESTIMATOR 320.851044 -0.433872
67.418 1 IR_SENSORS 43 -2 -33 30 78
67.482 1 ACTUATORS 1100,0,1903,1500,1285,0,1285
67.498 1 WP_MOVED 5 370218.8125 1847562.625 470. 55
67.546 1 NAVIGATION 4 1 -27 119 0. 14929.9
67.578 1 GPS 3 37012778 184736118 350 32086 23 -38 432415751 55 0
67.762 1 WIND_INFO 1 42 0. 0. 0.
67.809 1 NAVIGATION 4 1 -27 119 0. 14931.6
67.820 1 ATTITUDE 0.383244 0.610865 -0.408241
67.842 1 DL_VALUE 8 0.
67.842 1 GPS 3 37012774 184736120 405 32074 11 -44 432415999 55 0
67.843 1 WIND_INFO_RET 0. 0. 0.
67.898 1 ESTIMATOR 320.691895 -0.395475
67.911 1 DOWNLINK_STATUS 68 30667 1566 0 501. 26. 50.09
68.010 1 WP_MOVED 6 370351.6875 1847259.75 470. 55
68.012 1 CALIBRATION 0. 1
68.042 1 NAVIGATION 4 1 -27 119 0. 14963.1
68.074 1 GPS 3 37012768 184736123 401 32066 5 -56 432416251 55 0
68.389 1 BAT 0 120 0 1 137 137 0
68.390 1 CIRCLE -50 272 75
68.394 1 COMMANDS 0,5313,8867,0
68.394 1 NAVIGATION 4 1 -27 119 0. 14966.5
68.395 1 ATTITUDE 0.367948 0.699877 -0.40369
68.395 1 GPS 3 37012759 184736125 350 32060 12 -61 432416499 55 0
68.395 1 DESIRED -0.34 0.15 5.4 -113. 187. 470. 2.
68.396 1 FBW_STATUS 2 1 120
68.418 1 ESTIMATOR 320.539886 -0.364099
68.419 1 GPS_SOL 522 238 250 6
68.509 1 WP_MOVED 7 370352.5 1847557.25 470. 55
68.539 1 NAVIGATION 4 1 -27 119 0. 14971.7
68.591 1 GPS 3 37012754 184736125 239 32054 10 -46 432416751 55 0
68.602 1 IR_SENSORS 38 -5 -32 24 78
68.767 1 ALIVE 167,70,52,13,53,211,83,122,173,241,111,71,190,87,168,60
68.809 1 NAVIGATION 4 1 -27 119 0. 14975.1
68.837 1 ATTITUDE 0.348499 0.417134 -0.375174
68.838 1 PPRZ_MODE 2 3 3 2 0 6
68.838 1 GPS 3 37012747 184736121 273 32055 5 -38 432416999 55 0
68.906 1 ESTIMATOR 320.433563 -0.311372
68.915 1 DOWNLINK_STATUS 69 31142 1590 0 475. 24. 50.09
69.002 1 WP_MOVED 8 369720.90625 1847611.25 470. 55
69.034 1 NAVIGATION 4 1 -27 119 0. 14978.5
69.082 1 GPS 3 37012742 184736118 344 32057 17 -39 432417251 55 0
69.307 1 COMMANDS 0,5033,7611,0
69.308 1 NAVIGATION 4 1 -27 119 0. 14952.2
69.366 1 ATTITUDE 0.379624 0.600393 -0.337624
69.366 1 CIRCLE -50 272 75
69.366 1 BAT 0 120 0 1 139 139 0
69.367 1 DL_VALUE 9 0.
69.367 1 GPS 3 37012742 184736117 392 32059 14 -35 432417499 55 0
69.386 1 FBW_STATUS 2 1 120
69.413 1 ESTIMATOR 320.416718 -0.216513
69.429 1 DESIRED -0.32 0.15 5.4 -114. 187. 470. 2.
69.509 1 WP_MOVED 9 369613.6875 1847322.375 470. 55
69.564 1 NAVIGATION 4 1 -27 119 0. 14952.2
69.573 1 GPS 3 37012746 184736119 473 32062 23 -18 432417751 55 0
69.792 1 NAVIGATION 4 1 -27 119 0. 14978.5
69.841 1 ATTITUDE 0.425961 0.825541 -0.313879
69.846 1 IR_SENSORS 37 4 -24 30 76
69.851 1 GPS 3 37012741 184736120 538 32070 23 -20 432417999 55 0
69.906 1 ESTIMATOR 320.479919 -0.099107
69.920 1 DOWNLINK_STATUS 70 31565 1611 0 423. 21. 50.09
69.999 1 WP_MOVED 10 370104.09375 1847401.25 470. 55
70.031 1 NAVIGATION 4 1 -27 119 0. 14982.
70.079 1 GPS 3 37012736 184736125 575 32068 14 -31 432418251 55 0
70.095 1 CALIBRATION 0. 1
70.292 1 COMMANDS 0,6147,7082,0
70.308 1 NAVIGATION 4 1 -27 119 0. 14983.7
70.335 1 ATTITUDE 0.430506 1.003564 -0.281009
70.335 1 GPS 3 37012732 184736138 576 32067 16 -18 432418499 55 0
70.356 1 CIRCLE -50 272 75
70.386 1 FBW_STATUS 2 1 120
70.417 1 ESTIMATOR 320.551422 -0.017886
70.418 1 BAT 0 120 0 1 140 140 0
70.418 1 GPS_SOL 521 235 250 6
70.463 1 DESIRED -0.4 0.15 5.4 -114. 187. 470. 2.
70.511 1 WP_MOVED 11 369922.6875 1847503.125 470. 55
70.545 1 NAVIGATION 4 1 -27 119 0. 15017.
70.576 1 GPS 3 37012724 184736143 565 32069 6 -30 432418751 55 0
70.808 1 NAVIGATION 4 1 -27 119 0. 15020.5
70.815 1 ATTITUDE 0.428142 0.986111 -0.313223
70.832 1 DL_VALUE 10 75.
70.833 1 GPS 3 37012724 184736143 580 32075 11 -6 432418999 55 0
70.895 1 ESTIMATOR 320.634918 0.045266
70.923 1 DOWNLINK_STATUS 71 32000 1633 0 435. 22. 50.09
71.006 1 WP_MOVED 12 370245.8125 1847206.75 470. 55
71.008 1 IR_SENSORS 35 4 -23 29 73
71.038 1 NAVIGATION 4 1 -27 119 0. 15020.5
71.182 1 GPS 3 37012724 184736138 582 32082 15 -16 432419251 55 0
71.295 1 COMMANDS 0,6333,7108,0
71.296 1 NAVIGATION 4 1 -27 119 0. 15020.5
71.341 1 ATTITUDE 0.428142 1.015782 -0.313223
71.341 1 GPS 3 37012722 184736136 569 32089 2 -11 432419499 55 0
71.342 1 SVINFO 7 25 12 4 28 10 43
71.387 1 FBW_STATUS 2 1 120
71.404 1 ESTIMATOR 320.764374 0.117876
71.404 1 CIRCLE -50 272 75
71.541 1 WP_MOVED 13 369892.6875 1847341.25 50. 55
71.543 1 DESIRED -0.41 0.15 5.4 -114. 187. 470. 2.
71.544 1 BAT 0 120 0 1 141 141 0
71.545 1 NAVIGATION 4 1 -27 119 0. 15022.2
71.573 1 GPS 3 37012719 184736133 534 32106 2 -13 432419751 55 0
71.783 1 NAVIGATION 4 1 -27 119 0. 15023.9
71.817 1 ATTITUDE 0.404259 0.932006 -0.288108
71.832 1 GPS 3 37012716 184736128 479 32117 15 -10 432419999 55 0
71.897 1 ESTIMATOR 320.984283 0.227147
71.925 1 DOWNLINK_STATUS 72 32426 1654 0 426. 21. -4954.38
72.008 1 WP_MOVED 14 370231.59375 1847282.625 470. 55
72.008 1 DOWNLINK 0 444 9390
72.038 1 NAVIGATION 4 1 -27 119 0. 14995.8
72.072 1 GPS 3 37012710 184736128 428 32128 3 0 432420251 55 0
72.259 1 IR_SENSORS 33 4 -21 27 72
72.259 1 CALIBRATION 0. 1
72.304 1 COMMANDS 0,5909,7234,0
72.305 1 NAVIGATION 4 1 -27 119 0. 14999.3
72.338 1 ATTITUDE 0.420891 0.747001 -0.291794
72.338 1 DL_VALUE 11 -0.05
72.339 1 GPS 3 37012702 184736127 384 32138 11 10 432420499 55 0
72.375 1 FBW_STATUS 2 1 120
72.412 1 ESTIMATOR 321.234222 0.319175
72.412 1 GPS_SOL 521 238 250 6
72.457 1 CIRCLE -50 272 75
72.489 1 ACTUATORS 1100,0,1821,1500,1258,0,1258
72.501 1 WP_MOVED 15 370023.6875 1847537.25 470. 55
72.533 1 NAVIGATION 4 1 -27 119 0. 15002.8
72.570 1 DESIRED -0.33 0.15 5.4 -114. 187. 470. 2.
72.587 1 GPS 3 37012703 184736129 374 32148 10 14 432420751 55 0
72.597 1 BAT 0 120 0 1 142 142 0
72.953 1 NAVIGATION 4 1 -27 119 0. 15002.8
72.953 1 ATTITUDE 0.439918 0.652753 -0.288108
72.954 1 GPS 3 37012703 184736135 303 32153 24 5 432420999 55 0
72.954 1 ESTIMATOR 321.471741 0.370643
72.955 1 DOWNLINK_STATUS 73 32909 1679 0 483. 25. -4954.38
73.041 1 WP_MOVED 16 370496. 1847326.875 470. 55
73.042 1 NAVIGATION_REF 370155 1847242 55
73.065 1 NAVIGATION 4 1 -27 119 0. 15032.6
73.089 1 GPS 3 37012704 184736138 245 32161 17 16 432421251 55 0
73.285 1 COMMANDS 0,5388,6590,0
73.301 1 NAVIGATION 4 1 -27 119 0. 15032.6
73.317 1 ATTITUDE 0.404259 0.427606 -0.249753
73.321 1 GPS 3 37012707 184736133 278 32162 12 33 432421499 55 0
73.381 1 FBW_STATUS 2 1 120
73.413 1 ESTIMATOR 321.657562 0.369263
73.415 1 IR_SENSORS 30 7 -17 27 72
73.517 1 WP_MOVED 0 370197. 1847284. 470. 55
73.518 1 CIRCLE -50 272 75
73.543 1 NAVIGATION 4 1 -27 119 0. 15030.9
73.574 1 GPS 3 37012707 184736130 247 32165 7 25 432421751 55 0
73.607 1 DESIRED -0.29 0.15 5.4 -114. 187. 470. 2.
73.717 1 BAT 0 120 0 1 143 143 0
73.719 1 ALIVE 167,70,52,13,53,211,83,122,173,241,111,71,190,87,168,60
73.781 1 NAVIGATION 4 1 -27 119 0. 15001.1
73.834 1 ATTITUDE 0.396539 0.431096 -0.213395
73.836 1 DL_VALUE 12 0.008
73.837 1 PPRZ_MODE 2 3 3 2 0 6
73.845 1 GPS 3 37012709 184736125 193 32163 7 39 432421999 55 0
73.847 1 SVINFO 1 4 13 7 35 60 112
73.893 1 ESTIMATOR 321.758759 0.311148
73.951 1 DOWNLINK_STATUS 74 33396 1704 0 487. 25. -4954.38
74.012 1 WP_MOVED 1 370155. 1847242. 470. 55
74.038 1 NAVIGATION 4 1 -27 119 0. 14999.3
74.074 1 GPS 3 37012707 184736121 191 32159 8 21 432422251 55 0
74.299 1 COMMANDS 0,4843,5868,0
74.299 1 NAVIGATION 4 1 -27 119 0. 15001.1
74.325 1 ATTITUDE 0.380297 0.333358 -0.205396
74.329 1 CALIBRATION 0. 1
74.329 1 GPS 3 37012707 184736119 154 32153 11 17 432422499 55 0
74.373 1 FBW_STATUS 2 1 120
74.405 1 ESTIMATOR 321.747498 0.196757
74.407 1 GPS_SOL 521 237 250 6
74.515 1 WP_MOVED 2 370104.59375 1847514.25 470. 55
74.540 1 NAVIGATION 4 1 -27 119 0. 15001.1
74.550 1 CIRCLE -50 272 75
74.582 1 GPS 3 37012711 184736121 173 32141 10 16 432422751 55 0
74.585 1 SVINFO 4 7 13 7 37 25 58
74.598 1 IR_SENSORS 25 8 -12 24 73
74.661 1 DESIRED -0.25 0.15 5.4 -114. 187. 470. 2.
74.795 1 NAVIGATION 4 1 -27 119 0. 14997.6
74.821 1 ATTITUDE 0.367635 0.301942 -0.170926
74.823 1 BAT 0 120 0 1 144 144 0
74.837 1 GPS 3 37012710 184736119 68 32136 12 11 432422999 55 0
74.901 1 ESTIMATOR 321.617004 0.041705
74.955 1 DOWNLINK_STATUS 75 33850 1727 0 454. 23. -4954.38
75.025 1 WP_MOVED 3 370252.6875 1847348.25 470. 55
75.052 1 NAVIGATION 4 1 -27 119 0. 14999.3
75.078 1 GPS 3 37012708 184736117 113 32130 8 22 432423251 55 0
75.307 1 COMMANDS 0,4658,5903,0
75.308 1 NAVIGATION 4 1 -27 119 0. 14969.5
75.324 1 ATTITUDE 0.418131 0.197222 -0.219093
75.324 1 DL_VALUE 13 0.75
75.333 1 GPS 3 37012710 184736116 67 32123 5 12 432423499 55 0
75.381 1 FBW_STATUS 2 1 120
75.397 1 ESTIMATOR 321.445068 -0.088842
75.616 1 WP_MOVED 4 369815.1875 1847457.375 470. 55
75.616 1 NAVIGATION 4 1 -27 119 0. 14969.5
75.616 1 GPS 3 37012705 184736119 38 32118 12 10 432423751 55 0
75.617 1 CIRCLE -50 272 75
75.717 1 DESIRED -0.21 0.15 5.4 -114. 187. 470. 2.
75.781 1 NAVIGATION 4 1 -27 119 0. 15001.1
75.844 1 ATTITUDE 0.507278 0.066323 -0.2863
75.847 1 IR_SENSORS 33 9 -18 31 63
75.849 1 GPS 3 37012703 184736121 93 32108 14 17 432423999 55 0
75.851 1 SVINFO 2 8 13 4 27 45 100
75.908 1 ESTIMATOR 321.252563 -0.18945
75.910 1 BAT 0 120 0 1 145 145 0
75.959 1 DOWNLINK_STATUS 76 34287 1749 0 437. 22. -4954.38
76.032 1 WP_MOVED 5 370218.8125 1847562.625 470. 55
76.040 1 NAVIGATION 4 1 -27 119 0. 15002.8
76.084 1 GPS 3 37012703 184736121 136 32096 2 0 432424251 55 0
76.119 1 PONG 
76.297 1 COMMANDS 0,5678,7290,0
76.298 1 NAVIGATION 4 1 -27 119 0. 15002.8
76.328 1 ATTITUDE 0.545895 0.237365 -0.294939
76.329 1 GPS 3 37012707 184736122 225 32083 10 -2 432424499 55 0
76.387 1 FBW_STATUS 2 1 120
76.419 1 ESTIMATOR 321.007172 -0.291883
76.421 1 GPS_SOL 521 235 250 6
76.422 1 CALIBRATION 0. 1
76.610 1 WP_MOVED 6 370351.6875 1847259.75 470. 55
76.611 1 NAVIGATION 4 1 -27 119 0. 15001.1
76.611 1 GPS 3 37012720 184736126 296 32072 15 -11 432424751 55 0
76.644 1 CIRCLE -50 272 75
76.756 1 DESIRED -0.27 0.15 5.4 -114. 187. 470. 2.
76.787 1 NAVIGATION 4 1 -27 119 0. 14994.1
76.819 1 ATTITUDE 0.550441 0.516617 -0.26763
76.842 1 DL_VALUE 14 0.75
76.842 1 GPS 3 37012730 184736128 353 32063 20 -1 432424999 55 0
76.843 1 SVINFO 2 8 13 4 29 45 100
76.899 1 ESTIMATOR 320.745087 -0.369868
76.963 1 DOWNLINK_STATUS 77 34724 1772 0 437. 23. 61.19
77.061 1 WP_MOVED 7 370352.5 1847557.25 470. 55
77.062 1 BAT 0 120 0 1 146 146 0
77.062 1 IR_SENSORS 36 13 -17 36 63
77.062 1 NAVIGATION 4 1 -27 119 0. 14987.2
77.076 1 GPS 3 37012730 184736130 413 32057 11 -25 432425251 55 0
77.095 1 DOWNLINK 0 467 9512
77.301 1 COMMANDS 0,6624,7044,0
77.302 1 NAVIGATION 4 1 -27 119 0. 14987.2
77.320 1 ATTITUDE 0.569146 0.720821 -0.271564
77.339 1 GPS 3 37012727 184736130 458 32047 14 -17 432425499 55 0
77.379 1 FBW_STATUS 2 1 120
77.395 1 ESTIMATOR 320.515076 -0.400143
77.566 1 ACTUATORS 1100,0,1843,1500,1215,0,1215
77.567 1 WP_MOVED 8 369720.90625 1847611.25 470. 55
77.567 1 NAVIGATION 4 1 -27 119 0. 14988.9
77.572 1 GPS 3 37012723 184736127 501 32046 11 -16 432425751 55 0
77.703 1 CIRCLE -50 272 75
77.800 1 NAVIGATION 4 1 -27 119 0. 14992.4
77.853 1 ATTITUDE 0.550441 0.87441 -0.282167
77.858 1 DESIRED -0.38 0.15 5.4 -114. 187. 470. 2.
77.859 1 GPS 3 37012722 184736124 539 32046 20 -18 432425999 55 0
77.859 1 SVINFO 1 4 13 7 34 60 112
77.901 1 ESTIMATOR 320.366455 -0.363673
77.967 1 DOWNLINK_STATUS 78 35182 1795 0 458. 23. 61.19
78.044 1 WP_MOVED 9 369613.6875 1847322.375 470. 55
78.072 1 NAVIGATION 4 1 -27 119 0. 14992.4
78.084 1 GPS 3 37012723 184736128 493 32045 19 -57 432426251 55 0
78.084 1 SVINFO 2 8 13 4 28 45 100
78.114 1 BAT 0 120 0 1 147 147 0
78.213 1 IR_SENSORS 36 12 -18 36 64
78.285 1 COMMANDS 0,7225,7279,0
78.301 1 NAVIGATION 4 1 -27 119 0. 14992.4
78.317 1 ATTITUDE 0.57418 0.860447 -0.282167
78.319 1 DL_VALUE 15 1.5
78.333 1 GPS 3 37012724 184736132 466 32041 10 -35 432426499 55 0
78.381 1 FBW_STATUS 2 1 120
78.413 1 ESTIMATOR 320.289612 -0.292437
78.415 1 GPS_SOL 520 238 250 6
78.613 1 WP_MOVED 10 370104.09375 1847401.25 470. 55
78.613 1 CALIBRATION 0. 1
78.614 1 NAVIGATION 4 1 -27 119 0. 15020.5
78.614 1 GPS 3 37012721 184736136 459 32033 7 -57 432426751 55 0
78.615 1 SVINFO 4 7 13 7 36 25 58
78.702 1 ALIVE 167,70,52,13,53,211,83,122,173,241,111,71,190,87,168,60
78.749 1 CIRCLE -50 272 75
